193339
100878
728685
590379
289240
601889
133706
433708
509761
237377
427974
894647
190658
974990
28806
382017
472344
721573
773935
721572
723226
802119
259171
553177
176063
363802
735032
995171
599664
710802
745584
273287
59410
984464
380088
831785
226175
497489
696474
306893
323138
661544
251276
321299
645917
554210
248335
243807
495745
885431
431564
791307
298742
22893
894421
455075
802149
89582
626930
675343
971983
1613
858765
853377
552771
40331
950777
819561
634795
109316
244184
698654
234968
425353
944907
338314
517119
18595
7989
329855
951835
156423
511594
857653
477405
413789
671866
981445
165969
476859
421831
89491
293079
630178
633041
386576
145254
635096
52105
125468
408735
425242
199157
679368
297060
622050
839663
772538
261651
404400
944563
998657
420127
860029
114625
711754
164101
758312
458101
427362
317082
516511
59011
801996
301908
388235
245364
361771
752697
261781
336193
544978
670864
755095
90348
390503
115077
829410
984627
838428
88995
961759
165932
52337
452470
9168
476758
963633
791660
185176
683150
693221
925262
885506
408405
766772
427657
132344
737318
612451
579624
678203
882571
271033
453881
519158
876220
294364
44974
147411
63144
428429
47605
142542
185727
541751
767141
7682
968197
493023
459662
825267
921480
170276
192193
341655
312643
389919
367169
876170
166015
178817
986957
166472
21941
797888
177027
320024
515067
797367
440127
274000
440612
827844
9569
751015
392137
861531
484332
197306
547852
500646
369224
103813
294342
240593
758230
285811
223770
628260
356528
582939
530015
589729
974959
654395
152814
184756
400132
668052
116062
358097
134400
581666
380813
705956
293798
183528
718124
24368
551264
62928
451190
789666
665014
556575
434192
798648
937464
47268
286391
937979
914556
657820
952009
305244
726198
699007
439744
827007
781277
545688
893252
598396
197924
491099
468052
939146
372516
460518
327274
855256
356680
836845
852556
425076
91733
873733
344952
572335
762877
929114
570990
777654
280465
65966
7027
579000
986267
887504
652435
476188
348793
180887
737257
936226
965792
216174
531354
154760
956782
421540
56551
253440
90468
242791
723751
104782
205825
949281
972354
280629
952301
384280
716680
887402
323439
891485
418432
481185
319000
100300
775475
656603
50865
474402
923449
73561
154473
695016
922454
847476
683791
453603
800694
189353
515174
157480
667093
242112
809164
639640
781110
35150
684447
470054
205631
751898
35360
892573
528899
378353
643954
265484
166415
626689
508488
376666
696815
80069
880655
595875
814347
957413
998227
604548
357007
176749
260129
374905
18718
315516
863957
564762
412682
429882
740256
470275
120924
247019
717451
349075
806212
907335
426387
345912
780480
959476
564517
733547
289800
331806
323279
916597
668636
576243
820389
192722
323308
257317
8976
325156
778383
40699
222136
581458
831372
986297
83816
240494
388087
951860
602087
684209
346043
627982
334506
410185
684632
223334
147066
81694
298343
45701
621534
584911
463936
337054
778864
283190
826259
720004
987814
859004
920481
254439
354464
299216
180493
434634
142099
239336
92551
681373
613015
860212
520528
577507
660203
454767
119760
911301
299520
97763
194382
224572
490021
318789
352582
562203
266985
104756
228851
888307
605725
579488
124080
472847
338612
860749
978900
980081
79765
319803
391792
239880
190230
177655
772352
429668
429563
198996
592729
359703
6374
849223
11564
86907
625383
339643
781882
390920
174819
407514
927791
160783
247941
609785
551184
901801
883972
98519
657064
146109
365283
206783
281393
284209
734776
182186
887605
222039
906368
742230
813040
433849
370696
625039
759917
388699
311610
864088
932682
109415
222953
242704
426016
156528
665881
945069
413980
973826
59939
30010
841023
269223
221125
105018
659292
37199
525692
641430
266172
466131
896360
675376
214867
129033
920917
715959
939722
452029
224301
78033
622479
275728
193807
646108
865629
113866
778821
796157
960838
337155
134916
876961
494379
163343
920773
696761
540451
481337
330890
592314
670876
47592
259509
980572
842201
160588
269236
848653
339859
900706
63110
259857
155338
306076
653744
817742
354459
801507
331952
517149
103295
963729
44798
682848
919162
176615
895799
603390
236205
884256
45675
829070
974160
361263
297043
903743
782355
765763
491876
754962
453848
991674
790645
867398
377361
226453
461708
131095
160534
719926
410563
969350
646779
79870
527674
46847
837251
528859
356257
866223
684041
63367
358696
91143
457525
791815
938969
281803
999600
494650
786923
172507
624859
986442
662547
440524
456456
811724
583156
638662
403688
889210
662099
913689
643822
845415
406508
567021
219142
781929
54655
743288
75547
167861
593540
691785
553005
466232
621367
546752
161646
360932
928029
461904
363920
377809
86024
727038
164168
519467
431522
518016
911575
371608
4365
61412
240017
781503
945551
733495
860308
109726
526231
154782
782806
310827
503758
772554
544900
759387
593680
480389
14257
833682
440215
470332
767601
82607
492078
327645
548302
329818
514970
903185
683820
380567
189598
894290
716467
465325
391711
86363
815869
145117
287305
444496
138440
348253
799036
553993
417039
108458
434260
979445
526719
299976
16014
678214
330883
341225
665663
8754
996603
232058
684689
101066
520575
87473
447175
809576
617462
418048
700665
416081
175372
886000
65954
86433
810614
804645
106285
212223
30808
135937
921924
460326
770422
294569
283222
36755
711513
694665
682052
941858
172739
728202
354963
378143
148215
607356
760200
960498
334161
852172
299933
599080
621886
215285
360742
77374
105687
575019
32404
159216
893210
44476
115763
125767
457324
237377
220493
644086
778546
853373
560638
758726
898842
464829
954795
21234
249935
608326
442725
458494
995507
130577
555186
31380
738694
146521
846783
941657
50820
736516
920930
133971
885178
764835
272461
575110
730007
827027
998539
1263
463857
680608
783931
940694
910339
363426
610299
931550
178987
99958
239848
789481
259633
937006
903020
697419
248307
794934
72862
977393
663733
136394
525371
993876
98433
449658
156858
831974
278115
719704
358173
180879
46362
956580
867497
23761
149846
878961
58645
85288
280327
400912
728446
480864
264509
232231
983461
836875
962077
555106
227882
299895
76412
571138
339447
464977
447597
683359
449536
789569
336403
568077
487962
575526
350193
368120
795094
582278
155866
275464
644786
972029
376388
730002
722282
93586
293577
514157
660944
246717
69623
671081
939369
497052
401485
778943
510491
73933
464827
630324
140148
999394
897649
456519
475716
40374
5080
205137
171246
768944
212529
66859
734716
381162
861271
50492
88752
464916
267630
271107
860013
181238
805367
605600
289306
526403
934025
23324
335754
890873
91733
714237
91758
951572
140676
733396
185587
171097
472708
727094
980017
374398
186643
882286
508022
240129
885064
908365
459008
757768
581178
702050
881996
368822
751379
357259
825033
779668
466529
934602
749390
638932
839307
309717
924436
106082
999259
202665
746015
790918
98260
347269
