209040
30852
550834
43302
901647
951120
603976
681739
537612
992980
193865
226649
886526
804321
575853
329367
751231
88824
934689
460130
496722
760714
515187
552748
458766
536200
172516
899051
788142
751181
763971
697461
82060
485198
708003
988739
733455
377764
730487
470940
688513
18774
138125
339354
129420
76844
257802
266405
620321
532784
692361
956768
787548
918441
682110
268011
582869
124506
868469
95621
461010
427404
831042
985994
533707
437160
474108
529699
309460
712932
750514
768728
604106
187692
47315
134947
561010
388600
754173
493736
867619
270674
409501
19867
874890
438368
683175
310726
822069
32518
41154
163534
705835
522824
8760
775145
196324
304394
579290
892729
717986
963851
88469
969639
647643
700652
982412
29070
663103
830766
89265
5091
970809
87356
828341
643573
10084
883496
339487
584105
408155
113066
433219
851313
289260
567826
754146
25455
274991
160823
895276
921790
927619
436845
684461
619586
948293
212016
292643
692641
189031
364312
440386
489182
312866
611664
656493
594630
660734
422312
564899
2792
940576
184946
480682
44236
171174
23786
36471
607749
412001
982833
823305
793801
717510
62250
753358
669408
88722
871489
839688
606399
327863
541331
764673
791401
644224
373779
782782
44608
564067
129069
311704
327142
167180
511101
564264
267905
361440
530851
460950
155890
515148
842033
958312
261724
992725
809232
93048
769563
932434
451247
859567
985679
800100
306938
780561
555850
934636
309050
47205
785041
406217
948321
195424
649999
71088
306404
842780
98910
948997
625153
358434
81263
883102
81309
622103
165941
632894
301738
683188
310190
776112
484571
128469
1161
699608
993009
860164
454935
318492
226984
750271
692211
53171
360489
391432
647245
375461
312305
371830
186343
895560
407257
470906
860169
35608
252442
672782
732150
59396
894862
203646
20819
752748
674703
988263
147338
822532
652007
498809
562278
355843
430156
864443
34365
296642
378202
432674
295341
391404
586606
656569
217416
149679
87550
862493
927434
618265
148005
701673
397067
39351
618843
65434
981940
559763
204207
861440
684965
260938
656639
139468
202191
312860
853811
947982
991581
633102
243649
612731
204631
431760
63582
489772
938426
340412
1355
648258
27955
864117
594843
395491
494658
97144
435468
139340
974217
363907
796063
921750
712724
372445
750591
241351
164484
461512
96383
723886
240046
668747
382713
363970
271648
346036
847739
927465
82813
420840
93485
356028
26439
648339
119833
471012
581155
570252
991616
256030
276587
586660
230753
587765
423880
755075
180112
221902
692326
176682
155701
361226
564011
520621
652617
315040
354178
250731
55920
179864
576586
780210
280024
513497
730583
729234
191709
108494
880115
531617
574198
663378
949976
903403
541090
98136
510640
376108
350668
901946
390928
200494
574611
458585
124630
806669
735351
656955
821331
862290
133535
935887
873324
898416
205555
534859
172449
286317
705685
513089
625260
60306
599255
847746
495902
456609
774030
650281
679506
669147
712434
528241
20304
667085
699784
285382
719496
631953
861611
336525
348364
580949
719152
84454
196044
24600
655103
240215
903287
940720
970126
49003
412360
600728
894935
867994
852716
986283
356229
472754
758837
599680
911871
891694
505338
739077
349954
21815
106555
682292
273018
373378
623516
992229
724206
202870
945672
176111
65534
711522
228042
998668
528534
909168
337900
77631
852125
942452
507208
581928
26596
905563
28401
328869
283142
652462
570423
115507
671327
404684
59213
