888564
54100
712502
731409
731690
283459
483089
576172
428380
565703
934125
334544
37091
277900
863688
722905
979014
234298
248795
495858
169792
899518
976160
201606
692244
415810
43423
748925
922762
182793
459825
140134
43186
848774
786570
570658
492681
737912
422578
773401
536821
46803
330220
448089
240308
690342
5464
404853
184789
190884
364910
762846
527894
203170
617884
73722
159331
770195
619242
549043
498854
406552
286576
273770
483020
927128
776236
662183
954330
885054
844233
197620
534412
721533
986404
541961
831192
122458
344692
902834
170458
9187
67002
673562
348453
921122
795612
549617
17495
514039
806146
826199
956910
835846
344821
666478
590810
889778
421208
545661
950744
163371
700192
741704
593189
371954
637886
644162
608143
787516
29946
795794
384553
611467
316297
194141
909850
528758
654638
223406
873644
636481
165602
831510
54865
327085
434322
508976
553367
319053
822897
710579
558851
708739
129539
344915
933761
630576
274430
710067
645552
181670
916162
548254
666153
616434
234209
503170
555359
432392
882997
239705
754417
145727
997038
801187
740874
164669
886231
722383
450264
726286
266785
571643
402585
977018
130293
857399
916352
833218
746920
130166
104013
712751
70678
146660
919510
502758
870722
344188
923874
565009
280951
644013
93632
281752
15632
799721
163014
140020
387850
409305
245819
774234
149761
485564
763576
118650
387322
126644
322577
63722
877330
380875
170982
368214
981681
800394
747841
325608
874109
660452
301507
48892
504784
714442
558330
754205
329407
354507
87335
799152
9661
832462
203641
959912
234661
179476
979615
882997
552445
528181
716695
168246
256851
78169
280136
348032
505734
670199
787039
356450
469245
30194
613348
36359
985151
237556
47176
968270
567832
252170
131476
859062
64335
254102
722948
646559
861787
517236
649621
52656
939980
458737
442097
405886
102923
877783
387189
218258
480716
698274
332055
757380
189265
495147
54589
913362
834746
395055
379475
90742
235709
163323
888109
200157
279000
821456
708443
408013
413637
751353
459887
518535
933462
644133
660283
513387
248917
333718
672404
696015
40857
58267
292708
289714
804808
41567
880312
681195
634023
76054
934036
585568
440596
836532
752957
175494
318006
312964
584488
388717
514108
742298
964826
551396
215309
743146
99058
72688
192723
862845
670060
918167
115664
632944
516149
983117
747101
956021
279139
368090
502736
355719
201149
737575
68002
750209
235149
311071
581932
449065
620316
346638
703408
441446
25979
455157
522670
654595
398725
218547
203998
963792
454115
600917
630954
482258
735257
283484
62148
907670
109049
507402
197529
214498
913924
16180
959615
741213
453636
989416
875602
26744
862535
711822
513935
452401
576058
527677
77701
268909
982498
19507
193808
319924
695330
16080
412277
672089
587201
753864
451245
497815
865558
942174
939853
608705
203722
464302
650301
609885
152939
487232
870834
581646
712188
512848
984885
929947
596723
366280
248039
33912
672905
346938
531930
712137
219077
154789
271948
278892
146925
217130
731597
350950
326552
696315
269914
300194
557463
927221
849149
812780
793985
403848
327203
984947
738597
578429
503806
446380
976895
554771
511201
594587
869422
380419
960063
926708
471619
263369
242962
347509
12296
933198
975771
710063
837011
283139
149472
741404
984026
899166
256777
909840
312242
36218
218542
530789
619260
680912
160894
676978
473825
250689
649176
543560
731588
675198
267180
769478
5575
603653
626024
135890
941182
773492
626744
202950
