125948
940614
695641
133747
158908
185693
656706
465877
964063
302109
692404
710439
420690
254364
84522
896682
973492
304781
379284
76079
321850
505887
832871
256540
741708
295650
999908
111322
979576
652396
397696
975929
362563
173795
265827
2027
133586
764833
403798
787380
155548
768286
21765
232912
694203
372298
948509
163595
500831
91846
980102
477836
225690
675550
970854
522376
382732
757827
430949
268529
732498
44035
715089
895608
248689
219111
638966
261479
749663
92914
165570
621851
115379
775837
100942
146554
898786
953540
880168
760683
864155
74711
670566
114499
744484
786442
948981
782957
941731
164267
592154
595212
780020
84060
806272
447104
182639
718643
865554
661946
495925
431768
721774
29586
163113
125665
562380
992536
301510
449082
877500
351710
853859
177914
214070
420795
913026
240360
468743
185518
944432
368652
196421
381593
874754
695689
769613
926894
769161
537569
809299
949015
588655
623180
464254
672392
717333
165058
901639
470162
517210
699884
394262
728550
99507
389911
679075
299450
428353
716662
506335
826670
445599
337164
867675
214208
224927
186408
166288
907644
202481
484605
468242
220563
156305
53249
800778
320957
779583
452408
587946
639864
897295
719524
39434
91965
489070
440176
541785
564425
951671
825121
301501
626914
33364
743790
311893
206997
243586
356569
33658
252482
471342
840833
134656
491726
79337
282621
924838
808876
973700
996561
118341
591332
340305
384977
180632
612101
822520
468396
192606
489959
213098
864263
407234
548181
354685
437674
134214
669441
158263
471333
795876
376519
929818
66991
974676
905784
130060
451574
482773
169057
705964
498358
366690
65334
950639
680410
4349
270712
253305
94049
764897
118480
66530
604904
557762
10316
345137
79019
80802
376228
931700
915001
575711
771991
711395
855518
912123
944765
266445
358703
188548
802469
344464
705093
153326
250930
397198
49244
70305
985919
702978
997084
471787
883100
679340
284158
206055
24753
496773
425294
297699
142213
345354
861504
944848
982293
431068
971561
816254
936036
79166
916432
163938
419436
936398
285647
406062
610349
749705
114251
63119
500202
545195
491470
524810
877970
5705
291146
953623
45633
126819
822988
421430
406411
134963
701277
519884
617137
582696
68252
808711
558601
392642
391106
300360
494766
167088
115059
652823
731291
385438
394905
371589
291411
410866
906365
301091
591227
394787
655660
909326
56625
313941
312673
872110
306273
473893
2793
996819
113098
779878
698458
466887
126892
278784
538428
716622
717942
523444
783270
68658
391874
929142
688767
346806
803031
151688
700642
92343
100803
704507
932552
88484
523171
946333
310124
570790
131513
27034
119481
142234
16781
692082
745274
775995
837270
39253
930967
867808
808627
736119
402287
298873
542011
300346
746637
572862
548943
850821
755539
954437
843818
735697
666562
778001
284445
252389
678226
414813
305204
167499
923794
148965
716874
898301
197005
163058
829005
304432
625510
268585
697747
870626
748541
984528
15928
756870
56230
149895
981959
139945
882166
212760
441328
393843
623370
312269
14242
961703
597449
103402
744422
504356
631180
429967
958333
769462
748399
538602
244990
915379
725996
164159
962884
549155
37161
916072
679619
564229
104619
508239
88842
489469
136630
660660
911686
134197
601102
444614
658567
170629
975118
758267
674179
869661
825193
258163
471948
934853
227851
864766
69914
145031
175277
556126
332740
43335
142426
963340
716938
68730
601204
790397
489602
397613
165034
710179
13227
