419853
439186
404767
949348
90846
443155
516573
800893
778085
130265
784935
661163
464095
218862
817266
59742
288991
127106
32086
413990
577791
47695
922828
138899
911671
548032
327351
735148
776707
336841
354368
351023
338781
249247
220694
177862
296400
957976
281466
854913
243895
227866
274785
563933
170816
353653
955457
920524
712614
452144
449059
132377
399528
396197
675439
330121
867380
780500
73101
145411
703852
416039
616564
815839
516542
48173
359930
973199
450076
482480
186281
513232
872955
635
702952
53841
73986
164771
214280
322023
517939
202175
635082
219530
974336
848506
854170
732428
496698
13991
894399
287629
501322
822343
913725
729820
945731
440521
800148
127278
795580
636767
287570
831611
451552
418183
686523
704298
275057
224208
833128
915414
460443
709774
210296
99817
637083
255645
409482
303978
946185
412772
499212
970092
557750
968980
442437
358470
824626
192428
634409
514990
835634
204925
364111
411426
24105
450181
718218
600484
352686
770867
859251
725605
934648
551125
984745
572320
247467
934207
515724
592601
318965
32518
886917
93810
632706
338031
926739
275808
855687
624093
795010
227303
854435
160076
526281
443794
154796
186292
542616
511536
388763
378381
311113
881723
39138
983444
660576
409023
337594
382259
184333
242790
124361
313792
976095
618617
818317
56725
984540
219542
475535
860832
280489
32699
570288
209843
453541
781109
741136
953370
618967
530241
967567
430567
442318
847179
221442
74359
241289
744172
631128
978565
190545
400478
260821
147154
707803
533632
455402
262715
168475
612724
831167
868478
71030
907669
585716
825494
260302
480751
823690
911676
559354
327976
592309
663726
698334
742092
761511
449017
592248
477603
340774
480343
313354
126850
346886
28181
920563
128376
78366
258607
347956
48127
761643
865860
991536
673531
893751
421016
100913
42693
577237
203876
616447
358668
74821
627567
773788
980312
464564
321621
819227
172738
948335
22840
851964
191443
511463
524622
811808
379251
351617
121963
728638
624102
118516
892113
300083
628325
774188
904871
551020
230280
224079
509057
776084
233497
83630
620497
807067
183787
118534
663202
353739
487046
59588
954453
529492
355789
124629
611455
97055
414663
108731
623060
842587
317146
869745
417581
853557
25503
264534
381670
580046
251917
91789
779004
306968
81611
368667
617524
193978
930039
197876
505833
782391
875185
926751
136645
191669
147335
432245
799590
311044
354515
383149
857631
472382
465464
616325
35540
887666
399718
946914
337532
670554
932917
630119
231512
322684
859597
662874
635525
501725
36477
220980
568065
753515
157587
416260
597938
263292
457408
57103
835967
806584
598840
356625
446342
138394
955738
521923
123523
300131
665404
309670
827370
787721
470764
127828
488968
22820
905955
667937
54129
631440
381327
501941
905811
849838
621249
755134
578678
666167
740465
144372
567802
376878
972308
484192
338275
705011
557879
62723
696461
659268
284438
943423
775350
458689
180540
314685
751441
835426
333331
716920
966470
488525
853890
963437
328941
982920
504448
685656
114873
346803
592875
114591
822731
575556
873371
55391
218128
217035
778007
597775
710919
234221
58623
385817
721783
480045
564258
107888
782065
127561
702756
76531
448541
346057
989920
343966
102347
124127
161664
250646
753835
858110
229501
653456
45592
623184
279279
821015
887931
521536
525895
870555
524165
639617
361732
726743
90696
957166
111359
428652
667422
483696
943134
444780
747440
716009
587837
540193
79700
705389
908947
