342891
82309
694362
137136
213679
459968
333439
64816
402896
75297
209591
779557
862258
285223
216449
709507
442710
420333
787684
140834
691611
139988
906867
29874
530485
198022
10384
859323
548313
937716
454376
509418
696056
372280
943451
414831
272428
662869
871780
593026
161150
755823
430757
945745
151254
517261
620547
494503
510893
839714
342777
443758
535215
587363
610950
306689
822766
1015
930594
166479
202179
429657
542742
660020
339904
272477
527195
597330
589330
661599
12060
972954
269444
293253
629950
72507
855951
770809
850159
178138
223189
38967
373308
549173
120711
725554
236386
804951
29552
860479
706563
609089
241581
701616
237371
783201
132624
465012
6730
307034
