493718
59398
358486
322443
589833
565410
390785
529198
203602
859026
535285
154578
770119
987554
938497
738769
574006
201823
722004
691702
696928
917817
702796
738915
981317
881520
872398
497479
716164
481509
155263
244919
321458
937116
202781
256785
619184
431526
318847
103541
580963
354611
969602
583906
494826
482894
164616
3879
711067
485335
480499
51301
694220
998308
311880
230879
860666
610923
505494
261166
711833
46942
207694
73908
930815
859017
513809
947954
691498
579770
655039
15360
150055
693929
308839
310648
446395
915527
955023
84759
753563
698528
517751
546235
264059
614306
653781
363602
581038
693739
423811
706107
906075
984211
275919
381827
564821
451528
397595
79580
