265783
220897
616811
915137
714033
246734
916789
281713
900355
98681
18756
707244
547758
967873
599390
118929
283496
166428
192055
164945
224677
754004
781603
46216
745050
572439
360022
386959
761329
645752
484410
391086
176713
779969
427315
969239
961851
58866
493840
588006
370038
686671
440379
361696
810199
970421
242420
147357
251192
247770
217081
567017
444298
338440
838527
409812
985157
702446
501474
33591
712774
261476
79272
974407
287212
546872
764678
817539
105190
99175
57098
128304
921213
650172
462729
763101
134611
771508
333296
830538
502716
744982
396893
243341
74874
774800
680797
328886
324480
754123
320857
691115
422736
19865
238690
431638
130286
42253
30004
290141
