361770
164804
222482
98146
500859
791961
427954
888412
134672
902522
770702
246011
176516
897144
106342
502958
175071
502785
314523
554295
923934
485925
302387
156989
18804
651066
481012
993272
781799
627775
659379
540437
885636
946275
797043
732135
772136
688989
282414
580697
272606
131332
87487
343695
202538
876551
962232
626280
614514
135733
723657
156845
111233
879255
35993
436484
431029
485992
299817
563751
699638
174373
219539
342358
706749
948328
616049
855657
52062
991975
313851
372682
185139
973968
143517
453980
838932
674020
660687
239687
23945
913931
925794
406025
446775
826179
8122
706397
634164
948593
569672
506643
962275
789317
710558
602725
730600
236802
752696
16543
