23487
600542
92505
294161
23692
208739
375935
42885
246036
980002
918506
275039
184813
369368
694106
931170
257869
368476
509489
742425
16206
968653
41178
572620
988972
808948
282619
967281
330640
430076
939361
568077
714492
909305
530305
963732
729053
784626
593604
576607
635042
813542
261497
198527
957439
3008
716340
269733
149329
32163
925573
568799
357630
193245
591940
293464
222021
243638
266324
205501
783974
652521
480860
211798
37217
248223
696294
635609
56311
415578
286723
175350
273593
508575
509943
11148
854046
923569
831268
325770
953691
591631
77597
935152
446417
271198
289105
81915
90509
370421
141099
993526
57449
838292
288623
346134
354936
128186
391722
436617
909382
384372
480087
429644
383671
208882
763150
288535
553657
288760
785133
160711
953696
137488
982652
158934
394890
71250
924275
951320
289400
1349
301054
454061
484965
149917
875365
888112
647830
417190
372147
527869
492696
92784
535164
738655
270080
642361
569363
360942
978243
251124
592671
457059
495656
769360
165825
787318
164663
106480
589283
779093
792169
357213
245765
886577
674258
919106
743118
185235
953992
599349
71295
957268
589483
668442
724939
400082
877503
352763
269657
487340
190480
378942
300086
206664
95289
834894
816240
701815
812861
211581
375188
128041
827166
15377
222053
559373
868081
948170
951088
430535
316034
651611
698705
303445
396370
777203
84985
116605
288089
465838
447043
219151
653278
643873
904223
361730
512036
916370
668739
884728
17037
185057
958889
21104
961386
447908
730364
117164
19009
434080
821069
984713
270054
723438
340394
629393
470067
567359
96552
844608
159855
693615
962051
916357
629310
901601
612667
300288
162111
46142
832980
254657
175062
692598
114101
928753
180415
927206
302482
566905
541143
699875
150669
790639
247710
323192
25819
524048
637873
337879
164388
392432
957619
428583
352521
342240
460812
87204
778534
217402
944541
410157
14680
682332
894688
913388
850474
598802
1798
651419
662342
175634
553441
67192
341602
398445
520651
899983
760850
564550
279256
227456
445069
27943
346725
928020
671868
632515
581902
977528
139192
886344
294922
687809
906775
483005
502583
929082
699561
246891
177072
52373
936179
576070
984949
17660
739780
749975
650556
6213
119526
310965
793769
183113
988571
502108
823831
625214
654554
232070
263151
409285
359171
382492
281680
842884
83710
644676
461557
40720
702937
70864
982720
26776
504765
265704
616166
532407
593972
758822
852029
41106
98357
203189
32526
60605
711839
192866
843969
678837
949536
576613
236677
841663
173510
29213
930041
106329
732166
125367
807241
643316
176663
570322
25794
90945
164508
276669
945295
90934
707777
168230
453601
426417
788378
101297
990029
782379
56113
850553
851170
908711
14429
482432
497996
745153
983284
380460
514499
373117
699909
182737
900473
176362
585397
634585
45971
199297
708111
794590
27638
551607
6649
93585
271594
252117
606256
506088
422534
775330
253745
722585
323868
80718
299632
651543
840394
297883
14572
610343
634512
309433
862570
920743
902622
928540
600358
139313
861754
486371
73600
911211
176875
25009
57242
27757
934090
169287
380160
682071
652789
503120
56759
687209
94362
207617
871175
403465
825054
982187
411111
161934
666180
873952
401061
868636
900131
658820
933428
682046
831613
376618
431433
326013
83984
221412
909306
753548
858251
48964
142676
831149
338304
167290
630422
840513
720066
50989
434526
485384
854205
488656
482875
284544
145155
586451
878405
221517
