163879
187553
255983
897352
86743
12307
815954
397411
355873
540450
79549
669801
693982
94913
62283
954163
775267
101929
904838
919986
289059
310842
995344
779085
603243
95034
490321
118147
934303
889953
182984
986562
504673
248802
923669
914011
737343
486438
924504
157911
47616
690335
941057
851165
596005
628486
133781
348713
990136
730962
928937
932590
745900
488416
83625
732909
37091
61633
346856
29226
137363
216667
524431
35115
709096
910469
83660
260700
524923
202670
125849
149715
954773
752938
151074
335160
220285
819487
556722
275793
819940
124032
351674
931290
700325
509359
931372
103451
305259
77432
130126
539719
157828
182241
879129
548891
18380
161632
396271
198493
226746
343761
179480
886439
131961
736765
621250
738796
133882
256060
929799
712436
536398
813387
878809
688363
761964
283441
393284
187986
847454
580364
178183
268460
661188
307835
46560
924187
430876
475615
561193
853326
292773
91715
244773
805873
799401
708433
383138
619774
429218
268699
233540
925372
400936
602354
226515
487564
450839
629319
741736
947520
839003
66037
264284
433724
44819
20177
344838
950005
799326
956009
451537
967308
567828
156998
380389
298705
214777
769194
787864
342480
224397
408907
56078
687320
3130
703160
208550
9452
612057
33701
70533
389577
317850
940136
318904
293064
681800
763273
51053
929254
475410
12456
70544
464766
648750
980832
176322
325064
934818
773887
815411
526881
233434
332637
942516
219791
535282
756358
738467
716830
669353
509970
220199
964687
164133
206109
909738
999457
994001
533247
354090
878330
501300
195915
738246
980752
728777
536822
444862
952127
577802
830067
123283
191583
851658
755243
645623
10640
336392
28111
784139
776516
569250
259499
40037
865299
932588
988436
590454
392466
206730
725601
116160
953332
237478
8165
582294
315281
706410
472675
81196
331041
605290
984067
723290
183811
274031
255705
18649
321131
112763
267112
681854
592233
971570
395452
838224
819908
574519
150162
118449
242714
710673
442600
665301
917661
574574
981800
184743
183546
744516
36244
908931
483933
864290
464729
27196
599537
758150
855886
438948
567751
168999
331845
254707
59333
612055
469267
94681
937613
309110
153519
874843
431370
623874
113065
322591
984242
766451
623467
533007
891852
649400
452662
250756
345208
815134
744074
224514
342531
290646
782540
207216
986037
908137
551478
920066
837632
59348
541124
806484
455370
50802
311326
708980
138440
72016
905813
589834
69635
477329
183095
311754
420525
144626
419305
521019
834943
112301
933135
843642
599573
509276
485862
551562
58152
897671
227616
601332
457585
533075
90098
207033
17194
59999
132951
503672
966086
594747
788482
479459
496777
264647
286360
313992
395551
964810
607341
395456
186581
93445
402235
52651
750565
472918
470299
88674
777974
167714
425170
999281
222069
153287
23786
969777
930047
409350
320581
201946
885733
751790
84021
986386
591089
201959
393139
637580
874687
844145
244120
224815
158706
361868
217926
476931
787827
131749
752381
963824
161431
75050
422587
926691
312009
251013
342642
489190
840672
302858
934032
443532
860723
447610
228060
294609
725241
271082
156212
778432
207291
398911
257632
803655
56624
166199
804370
459960
21782
200835
686330
299964
75857
806824
488201
225057
687609
36167
607261
498301
18623
766069
168871
218355
255737
826379
690434
51749
738772
708756
494948
213157
5136
312228
464819
49519
712025
429028
495386
248454
592325
844890
972187
955170
907087
672112
649447
855594
304425
882064
912386
763486
504739
670574
821592
240770
255274
959465
394099
378317
361856
308079
124731
63381
742446
931264
914450
444797
716953
17227
681434
213129
266578
581456
994709
107669
434564
848146
528689
609313
384553
78287
811858
671300
273301
500103
923586
674303
661404
621743
409207
18950
939949
822451
912381
731006
170393
203707
644347
870461
97351
698243
921271
845850
782837
513763
196790
927219
99713
358918
986917
509901
854143
570678
602295
374082
963148
80439
469672
95631
811562
860431
107558
635860
162552
398269
502307
911651
546349
508199
37690
350472
722423
819568
278035
310886
110907
411493
524155
888566
963803
767422
797053
687669
540036
95662
594709
309095
881974
13902
944927
438566
246130
578725
110716
762755
722379
406658
361164
912039
344075
824006
889650
521593
301558
192684
842513
439059
554611
84225
312069
986257
540575
878287
421127
612801
88235
931205
300348
868937
801572
77670
242567
547783
496061
430493
217007
11966
312129
451947
648735
123556
371168
720680
814109
13844
413585
218691
147324
164992
141209
528794
132324
554535
873877
746544
2571
725671
270987
153103
567487
741988
433776
845168
46637
268050
138775
877737
566679
720059
662661
853170
877811
318257
108458
427436
842223
259870
271583
144396
805300
814753
852977
332322
748746
581085
8547
622795
536368
352470
423199
174905
743431
626137
30842
715785
124248
180204
48109
300129
748944
624141
844787
524822
992811
656549
160149
871034
64555
474464
927520
597101
1765
21599
182701
478673
403470
181359
595312
760007
883826
239888
711975
570670
972983
538533
36520
241671
416118
761626
875544
7821
369174
717652
612454
626638
274391
998815
925917
533870
317052
173986
730952
286838
63028
862622
531331
3069
878243
900256
888934
267695
335712
116112
683480
662844
373610
350618
528573
270358
703166
267457
58972
713809
298994
803362
676048
946130
477799
410219
272742
280565
392099
939951
375546
505812
137773
586488
411049
680136
145989
729885
102363
50255
538510
18883
13421
133996
199078
178193
378488
13951
960410
517832
321752
243089
460517
188845
276585
50131
982202
6456
984224
930786
959914
982000
422172
165792
288140
784068
8993
819110
982408
102674
413658
88672
43024
612864
90373
329152
842788
811753
647137
304657
879418
516832
625299
71364
885981
486657
319534
317124
210779
955675
728097
208034
793019
204048
631806
225201
693737
446685
908
721972
130833
415570
810393
28882
142123
348063
802696
730494
385076
75864
142114
850881
4056
273962
463963
804535
756026
741991
291015
516558
284286
339840
282746
175190
812055
995825
701008
691159
339318
467238
762439
434246
390119
85078
364336
372503
812330
941081
121310
122666
498723
673312
396041
679648
553301
49861
205947
524744
676374
961548
215134
935447
722867
653792
726434
898019
508671
453563
288718
937231
259903
621446
422848
343722
292800
651899
84628
900224
537033
808399
404576
781933
824418
513778
140037
468613
412838
397017
443005
188216
414651
117865
504693
14975
788854
200721
551999
484417
597254
326108
519620
670115
788068
954962
649900
71843
150764
453396
756715
475570
196569
896497
91505
504449
741434
527306
235162
323377
184233
476721
90186
778636
23609
480877
112537
15867
359309
125348
77794
647646
969738
464167
149319
545550
840155
687620
832642
102020
283703
753173
396790
377315
765913
242020
6094
732389
719266
406780
617525
111401
32386
763536
160856
104825
276489
461928
798278
638269
958057
714023
265582
386291
545749
550469
317094
