453975
155620
646036
721127
588781
44520
238089
761121
876984
740626
50142
656475
756523
471530
308855
709862
866594
208804
587226
268900
542609
929481
355349
540330
817167
432156
955993
852542
672413
892521
855091
679987
118721
675530
209266
56802
457889
225845
833991
993985
212434
162106
444450
191983
365073
956650
661973
242207
39560
766975
665159
884332
432647
224853
267211
233615
830283
398574
399724
950767
531403
280303
80527
493423
445492
747599
420241
756099
664247
812341
307670
867146
951903
894330
144025
306425
286768
231012
631857
64204
409731
473175
830939
813136
760022
618807
729749
765474
684902
176981
774809
392550
415427
123709
521302
512035
169904
495027
251875
97699
801609
380408
683773
228320
311043
713325
476550
905030
9666
946368
159063
616428
758788
626656
670550
935059
762067
643518
655520
457524
929897
413013
316473
181971
606395
479618
228765
993557
869829
592314
851186
474621
893738
260892
33702
486881
419224
81024
384523
624093
96351
470807
48870
947905
968443
60967
505730
25636
574681
552338
428490
809960
84270
336321
46225
451757
625451
689853
546175
237838
715933
499959
510350
396565
750402
96672
532521
299742
313016
531931
168995
183691
467155
786595
105039
672355
421303
559544
722652
21634
347439
509618
630719
809265
831810
934585
942294
352314
196650
369741
18842
179145
180046
607377
343712
120383
128792
914672
624108
973355
174695
291905
670410
618462
849473
671379
140543
594487
155925
753870
898921
636987
960498
869339
822194
81905
664611
82022
529062
726188
876604
957892
977622
777860
887096
876750
781450
538423
700092
861035
554351
211521
852996
573852
997814
942181
171433
14492
161498
561545
220812
725974
988114
699485
602018
727778
521552
486228
345755
289180
588748
494211
795357
974971
54976
470838
498852
284096
361677
213497
487958
673232
494098
23825
739872
402037
621181
579417
381164
935122
724554
95907
708606
722993
228626
59959
502899
46480
758461
513337
968846
222233
625061
308587
507731
288194
485384
791669
370756
57276
265222
597726
408673
703826
659641
127883
892515
668810
12108
230986
506411
72579
837999
660451
174224
206069
628575
926217
791529
123264
715886
311174
244184
547039
708608
954658
66906
529321
116321
864590
574055
415210
111838
953495
801703
977660
874960
956701
955873
830940
647618
691469
436255
789436
850819
741954
659187
344318
693496
435967
653834
41029
166008
369579
863333
579719
37292
982607
615963
258857
351587
327307
357506
733537
610083
87793
802415
245218
205502
11864
404433
764361
228824
952536
498674
880253
181965
641264
433392
250625
285594
728507
613366
909110
737039
347054
645795
113993
63441
717354
757153
469263
360707
53468
752406
285483
431632
492679
372213
180409
959722
43828
510507
221545
966728
184343
315715
193183
37585
859521
602076
70018
540815
514894
635165
822912
158676
114008
245590
573536
669439
350374
920651
19375
72673
637540
876180
224182
865270
39603
837336
574508
873144
948541
261265
410276
749359
224725
380507
942173
597958
968625
800728
994865
583939
813376
201673
875614
745970
419208
639949
970587
502585
372715
511025
370828
65264
456840
231298
288186
769305
42873
640560
563529
660199
46661
817288
360039
931553
724461
467372
747016
7391
929766
162688
947649
301502
775809
878928
406644
380314
180198
659396
523085
395453
348934
497680
774189
127705
866474
110254
674438
785169
284473
972073
962766
600588
523630
586365
261827
376574
948337
134299
845531
463327
785211
152194
672070
283262
457331
854790
487216
802856
507942
373958
670561
797489
254742
486532
238592
755910
304924
254860
745442
367936
482025
724249
708748
604404
252307
283304
77065
749868
713783
798999
774076
108404
612632
855622
269221
524962
714037
300970
494651
257036
429423
854260
785542
403089
229561
421150
840101
876551
791550
399619
237385
4026
162606
214602
630871
830284
405979
530996
230930
916670
874315
203825
961189
984736
38207
323165
920093
40653
265886
336579
923748
110036
48471
492242
172726
753937
77780
505631
109539
985223
779229
180404
857958
875331
127700
343633
515446
189836
268937
39980
945314
665735
570030
491283
900573
791133
678755
368713
386648
421323
665626
852472
805450
675363
700549
585772
874664
593310
333450
238438
944580
476433
732420
334720
14628
81021
102018
928355
91918
34578
466911
810776
322665
610932
430430
260897
237195
665558
105642
790670
180233
821562
951453
826129
399553
606836
471752
445871
172703
157644
888149
445976
193789
832183
282360
859767
747621
379784
639942
581713
682003
618156
321085
396206
884482
826449
173783
644169
395739
881515
774731
235963
583058
263050
798171
571323
976213
975223
82291
397333
412961
183073
663791
315631
431426
668870
959687
17584
941335
452726
104839
619691
696998
296573
177460
186492
490178
622866
10815
879392
677673
977160
848598
263005
966500
440087
796610
959825
389991
916261
800673
672471
638538
812224
997135
21542
663710
494792
22698
2012
629477
760723
54008
106801
464508
948212
304311
791341
636608
723348
444952
349067
382157
279875
577280
788338
554995
286428
268523
22393
113205
887340
648356
272245
398763
919486
31696
608840
373824
362972
418529
341214
60142
774429
548487
966264
347847
650350
357476
333797
730455
840193
61872
302159
358585
456042
756307
102725
857242
192165
135750
114304
765311
643568
561129
165016
920195
151533
562383
470620
498402
827070
358468
221524
113585
428226
386989
636072
565357
723470
302747
26096
148784
873505
530626
927959
64457
419273
336262
641445
653989
833925
398871
460167
509094
748494
988946
563691
973138
349336
406029
824381
594753
644630
396694
102358
109956
502345
412716
345246
79889
291576
943100
509274
235464
954727
631059
485294
684379
189867
887114
138508
23652
136605
633101
115278
313397
656218
415478
910987
581422
907399
817145
114192
161555
857415
197158
733952
154735
488415
3787
898977
929223
321293
940012
474788
752241
482788
85296
412846
124903
705205
251086
831591
72496
996425
93698
9759
823142
661154
205147
461583
464698
329506
763085
782837
446796
656067
433369
984656
985108
568194
858548
157942
182132
695480
402625
197881
154686
634626
267545
642799
107495
618364
309810
458393
36156
543019
431110
779738
984900
86190
443856
683406
694493
721701
466405
821676
557184
66357
635839
145056
650555
149719
853490
397038
483395
839615
563503
612470
804304
349805
828948
562608
655839
862695
717488
562703
307724
88841
793615
162804
687259
523487
699697
663286
304783
555749
140162
393992
17801
901271
320427
893662
212889
257650
677565
543264
39451
642207
800223
38268
42504
308022
200751
920605
162762
352596
600356
888397
96666
284118
280222
365522
267729
832185
73878
776253
931326
888354
64386
236051
522236
90171
27343
368908
983987
184520
650098
626524
748499
149973
928569
338436
682235
788210
457036
898207
888517
487259
111171
157135
125320
403603
151561
180712
552949
966743
393610
507214
405512
295350
263004
909645
799438
273801
715049
236237
560978
477681
167091
72592
882246
38544
434052
