692470
398484
76018
537257
866978
964660
161114
727466
489503
585711
690887
909523
409778
209933
858191
28715
499250
561973
224648
225431
535854
560075
257871
435321
157481
991636
113168
405144
986488
727091
635932
642044
873606
54939
789900
939337
126783
866303
651242
182847
24842
319447
19512
653394
331317
556619
496511
850199
50809
297211
656660
451113
417288
596606
176970
881714
477828
774215
42244
246241
56008
443469
128527
640731
585975
781520
755569
217084
699300
945459
492985
216069
406528
72446
611632
304750
956277
905448
954935
997540
172520
915987
664969
742247
438050
999843
72579
885677
315101
802496
369374
793678
371687
773624
912867
513174
861772
691554
206572
318660
954623
358752
788028
508631
836436
824728
888482
627337
995883
144260
281861
602951
352390
765721
654996
837939
981674
418243
255398
601077
644103
478272
606371
145841
570398
486037
240915
285202
925668
201852
51726
951360
552221
574737
389682
292159
513357
158038
526401
486200
23620
405717
779202
361350
399131
84663
724893
574543
145284
63188
489271
154875
487285
436052
780476
427630
821383
779294
270132
293403
341238
547903
653669
639456
103996
312564
39128
773818
677606
291058
200150
605319
757492
122022
592845
94301
734371
212073
593436
127947
397742
164489
848442
578710
692979
583194
729617
339235
580436
200604
592545
157954
254645
420473
896774
400847
77688
986270
45370
268497
521065
633918
865290
934985
647317
427696
282034
678171
318996
530660
20657
152530
126499
727381
618392
206627
967950
381758
881084
555051
742004
782755
242605
768043
253321
241836
432686
524278
14877
617406
286645
445535
147930
936311
320359
36175
656314
132636
182385
373756
953868
586045
980466
39065
998940
221239
388509
724224
757017
594304
69395
787958
40943
955223
295059
798132
729414
600396
252218
928356
915347
808793
89049
467209
474899
584414
345105
111683
162728
969226
155300
75622
548174
678982
844507
106300
841939
14292
855351
239442
487992
604386
282090
481722
889196
377213
312095
273815
191731
843443
731366
361639
84030
631118
796610
760270
663546
861900
489021
461733
611238
891238
649533
555414
688166
486590
170016
281986
261898
925056
595231
671265
219189
608502
629685
279782
425118
433870
10007
668515
378450
828304
262678
962530
959325
533647
922582
420244
492149
915262
583924
215858
395399
239281
371142
476876
766018
711855
17411
902577
783012
223754
658393
901069
578250
753248
651073
566643
405235
617397
627138
531270
540825
720630
694260
623230
514983
278792
584691
137271
741204
683227
869853
933765
415886
884047
969603
923348
372074
280641
464372
335872
762997
972475
281021
389882
696034
847419
806098
415151
530643
163860
622329
682370
675653
99070
354124
935505
124880
234288
114092
421720
518385
85984
697006
889951
758756
162094
406300
289472
358221
418965
168164
277847
827052
333796
85335
76795
691336
389807
340550
939895
467830
93399
519161
384575
447244
551587
956168
829513
964361
392723
726286
499329
152696
67500
544487
412320
753009
937435
561182
648366
979647
536789
13452
538912
560796
551668
545510
39776
446664
134962
819846
130470
748664
913619
154699
119184
502652
541160
91511
609440
429938
82179
143240
24633
917072
897650
578100
756547
111181
937159
151804
409020
300223
733073
808352
652863
684427
11750
275193
807640
823843
567143
627631
646380
31283
170893
481523
374689
883909
318623
490451
533699
58606
959735
499981
352918
949659
67931
858456
34435
708736
101858
186516
41649
157781
329339
695471
752766
4350
974001
25346
138420
541176
949227
503566
980791
610654
442342
218765
447771
18509
104900
17779
88434
465484
288558
942876
852450
892559
595503
791615
826028
223969
765598
693052
574775
22501
321007
500195
751022
438546
866237
651672
893403
267933
168811
83030
696932
845541
324230
870932
293897
769910
209373
327721
694594
781073
275885
882892
923736
321747
550301
119052
660712
861228
961673
759263
123261
711697
486737
830962
675379
708392
694439
792380
229052
565909
714781
513022
885353
798139
157027
188741
464246
881280
602633
770730
885807
180851
953574
422055
355069
338946
212476
150164
330079
342145
817420
108249
669582
516225
415534
42773
827617
178228
606523
330531
70103
714790
858563
588461
915807
864112
524903
701232
981235
701256
277385
107905
253319
766486
897544
545871
422094
399188
675411
645073
440275
535678
333818
874635
505538
923778
117876
137699
653676
731887
572858
788720
456048
458600
187836
890690
188014
504306
602877
800893
337384
265958
619229
699776
824754
650371
193302
822451
916663
3821
560566
791998
388597
319170
69138
952239
816205
13301
628594
899121
473468
426450
72257
397334
761286
524956
122950
927896
288040
559359
389395
641069
543776
515006
84081
169186
802410
391789
573843
52601
919205
370211
992396
871916
616601
226208
281382
468900
368842
446302
82775
851968
848124
738479
598208
58161
788667
28399
378281
944207
625053
147487
453580
734385
561351
974796
811494
168069
735391
599403
803640
871119
241391
114879
352095
54789
583945
66515
48773
832690
455020
758779
486922
197191
177424
402470
615078
129564
107203
683540
406302
64218
510694
71171
863893
400437
40801
94278
174095
322312
977285
885358
420008
114050
19822
468845
883922
475579
277732
554628
590037
571774
974709
250038
778132
905730
267672
915789
112561
403498
374172
531771
268095
143203
163337
918017
594471
840515
741805
603494
596438
984005
133155
467234
91064
914653
757492
839905
783843
256821
813108
318114
414228
597674
662593
542640
97035
860712
870743
709823
424597
570616
938379
848302
523571
471236
117957
189010
38881
98585
890344
265623
420976
606290
273597
158591
183054
491318
294281
944101
289259
811011
13848
951576
966852
225172
937847
776222
904253
677652
193573
469110
572533
840197
168825
451759
955638
701510
708879
380458
446054
538310
696879
910773
598926
444090
693597
599867
240277
442207
817741
506143
28553
830024
195203
413186
31533
171113
970127
101959
347607
906391
82340
968696
687759
455669
508531
971607
943566
151069
773145
870822
611615
872818
257101
344787
761780
395944
290457
618878
563373
27839
765889
751518
334720
332354
371230
874526
331476
457851
480032
699901
435858
614515
955068
207459
106580
512957
846758
851635
596314
214732
648760
205718
898915
747513
613536
354808
710196
986706
671532
572164
33717
849396
288797
467539
596817
397402
182882
245937
256975
555098
978284
541440
833700
797027
482925
615172
581573
44925
282889
718765
535046
743925
134554
965840
515456
24148
273732
256338
802030
342863
733023
778937
258175
403977
639206
189097
389988
624055
213590
748185
792709
500410
405867
267162
166761
574998
575455
852020
91168
445642
764217
746923
361609
57209
892929
921523
193000
543424
889298
500061
720761
12723
598081
269379
848956
702071
529414
64849
976827
128335
581095
344639
163596
332085
323890
365328
873889
405469
632996
792860
210226
753237
930376
682735
516703
323231
406707
400247
493596
848352
206522
375671
254047
816208
396478
329037
60829
724984
491200
