351070
903852
300314
188590
859801
220072
71502
905340
309558
802669
188806
971818
66293
928079
357642
331783
544158
961489
659607
314363
796272
409573
6658
178137
586319
235103
94229
850925
40453
402416
964320
300827
454964
356561
468268
747051
351007
947756
955528
796308
404735
130341
450920
667517
480017
360427
63022
202823
289186
736632
849259
358482
528499
81415
684868
859400
48585
311628
159367
295701
220111
696569
963909
170381
390343
541293
511598
568870
346261
116443
838987
889227
91147
723187
162565
275438
552762
286137
449100
322774
255721
542179
151394
262940
602762
314210
803508
346927
426660
110532
876272
9459
277577
20399
559420
723060
26587
201689
344474
399884
499584
417174
499900
596493
594896
648870
150353
879564
265232
857343
210512
171143
437083
659988
171525
763832
745692
460881
291943
496787
596192
616308
660079
275157
116073
535922
587921
80488
410576
475219
58611
986401
716542
621873
463691
675464
931666
190535
237645
878782
143531
805499
808647
296548
732127
408270
926243
880229
666680
240441
264818
630037
918185
687963
376061
793741
190387
929096
169005
141892
800592
487762
648084
585818
642305
656498
353178
301766
938581
657207
934417
562318
26351
201426
21540
842354
778277
17344
764244
940844
611174
849228
186229
230870
565434
405180
831907
733948
871747
573554
342099
100403
474407
390232
894991
462999
382112
74561
153865
345959
219154
145404
759903
328093
240486
680410
177529
414848
503090
891802
170068
911301
979731
935382
4587
681481
594943
347072
625168
776921
646910
733760
35392
320292
385274
947957
600712
113145
750363
78750
801803
927790
334108
659216
383278
766789
480919
984101
850390
441712
357124
777302
524805
392307
383089
917815
776912
181904
26073
914760
271599
378397
373699
843840
181634
19353
555096
572094
200001
359431
863100
424431
686755
692305
164791
329574
878608
203845
136246
485968
127238
21016
265343
276780
712517
807437
355509
131423
782306
743584
627672
327039
725671
988716
852235
307346
906567
275213
278515
829807
498674
584647
74135
315753
440930
993060
559459
844002
760833
403161
874167
70556
41420
149512
741324
789791
165130
76812
985611
279781
791375
960409
229438
67383
255960
119886
563627
780194
234211
281286
212172
618466
794141
393092
921061
405629
865018
93676
781658
494059
284035
25229
79802
959294
948653
996953
90502
245752
864040
331906
575995
788086
121326
260979
149772
893028
194221
666988
168861
567028
50295
185652
645380
596622
267523
554477
896395
492320
362288
943002
945474
99747
446727
728472
665094
371606
68158
967213
442724
704836
187685
338726
812867
19080
365507
382848
406847
998888
891344
224627
582644
426770
619548
883597
248472
316001
166124
193083
117627
912399
139502
894615
659876
329635
592929
173014
694021
169578
4059
434931
355322
974753
715839
517634
112422
241233
19623
512980
824175
151062
287472
694712
473935
565589
138611
467057
817577
721271
257473
295919
896393
259816
952888
962935
808433
490426
979263
519660
786405
856425
950252
231954
579014
428686
435365
301041
181252
459888
189901
428195
845398
938170
59528
259808
230446
446550
954333
257237
756044
684329
110734
21650
206535
282837
954414
616178
723123
267745
789840
460796
448526
3006
357047
216807
97817
283624
791694
421236
457014
185672
308923
486827
984067
473769
753388
166296
831337
453192
76678
901629
885809
128356
575685
254513
606819
366599
379132
550415
419510
899388
672669
709502
108333
546659
170298
223451
813284
264829
326759
128597
