832907
240467
43369
790385
686034
988970
120769
637587
107092
966346
743038
501099
250935
969959
241803
795713
779005
15558
81921
144831
30518
573982
279652
562506
848210
593087
138538
530933
565788
173635
813129
258122
847951
544440
618192
306842
333005
854525
496247
39304
64099
228657
15595
903548
114100
411045
714562
535339
959944
579379
316097
394629
519362
59751
623345
283658
60380
131458
514740
222881
701465
487799
806849
73689
465917
773179
919277
96928
344152
988632
714237
353773
358542
326265
591461
752029
848436
744987
202175
649674
366257
718970
703908
816377
49813
800933
56531
2626
248072
391572
936639
726225
819382
957041
164120
983842
231293
769697
899467
861487
