67594
291571
977757
157818
409252
676808
194976
293606
37565
344965
752965
106667
346726
81723
316355
96354
593793
986797
905962
825405
874607
877186
877071
203180
117012
453662
390720
170848
362716
11132
897919
208994
973124
207772
229645
510279
384133
258529
342102
726322
51329
264482
612574
417414
315378
141241
14149
206846
164375
319325
443100
499944
2080
360956
720779
237264
539571
8888
339936
331527
298174
56535
400230
73887
468157
636736
154733
157075
142078
456545
23737
313979
144935
310869
450355
593336
37931
115845
687113
447137
193269
338068
950892
515930
734682
421003
329183
769279
738789
942200
538376
817444
207336
940356
49141
890338
908678
916405
229555
221984
