173653
834177
931044
106358
367110
504088
475472
728990
938269
671728
224759
938989
667176
286970
872201
664361
500229
72054
507493
365767
798467
488787
303509
695647
336898
280451
73022
501166
262204
870339
148082
441966
625476
832140
515888
664437
907317
895907
989184
167097
83224
401554
773193
654756
740077
360970
900978
647780
441296
997166
509805
128406
956119
763162
651963
736237
368703
914646
370275
226490
350682
14543
140624
706331
291999
128541
76944
838391
598258
257427
867178
411500
284273
327832
855339
473008
365898
153565
924507
90973
358060
286195
804313
238880
981277
583743
123898
706865
239288
111086
47774
867972
233125
816033
490642
90419
392339
581800
766378
168301
986464
874741
176748
550653
452270
747063
70163
719622
795046
217902
472274
582612
853711
576336
59940
702097
107730
204080
237083
459824
770853
637509
41929
282797
735925
422591
945380
623819
204896
503367
261827
167411
936027
477809
448883
666798
542186
96826
783812
862809
841186
258658
893241
715676
456703
206229
370388
742975
604467
569495
742542
830757
531892
200672
530098
130950
526843
694180
875719
187808
503212
696756
291644
410643
752690
45798
956634
94192
909098
980415
551382
593283
744267
708673
339760
299496
589368
38490
764839
709438
106362
922075
950625
153922
554909
27576
685054
321216
161112
241344
766004
312781
714770
943257
602984
502270
860093
683930
709323
626087
600564
776829
491025
330286
390645
701299
532267
733224
500351
636295
661392
836462
700428
458566
791800
40582
749403
494930
400148
863901
466529
62688
244537
896458
766008
452576
373040
441502
471943
942097
496345
300217
29146
95398
980598
375199
150075
141710
675501
318998
309121
867762
597016
537388
137843
263409
19400
754776
121353
881101
540895
575537
230269
152195
727972
139696
613268
56157
470637
534238
556853
242010
758314
244042
62812
408256
269624
602016
32800
988917
118510
440564
162314
86392
678234
741292
764539
72678
665599
778216
280481
573810
759749
560804
817197
261131
680355
884598
644960
143421
901453
35721
392105
635115
729792
506000
976982
305433
413830
425411
574505
747735
277181
385072
946648
406312
530311
424624
59067
16660
417342
83580
717017
140817
170819
879432
608397
185275
967587
873694
955171
414694
326112
746868
261575
298521
1870
539006
861460
149820
235967
83156
374871
134474
263549
67329
76656
701561
374698
892403
926035
230330
504504
4423
847737
745342
217265
212821
889693
58742
345019
300448
228973
377056
909909
711993
631587
658216
171336
632967
852008
243747
461221
196140
622992
323083
666636
286243
950019
181693
86463
735179
596806
183479
878508
850467
276007
239478
361632
826646
486397
802637
855474
762325
54686
175373
356390
536717
841431
472289
946682
407048
853806
395413
434409
494731
980400
142492
188074
291201
848194
765423
453973
17047
359768
100734
866164
638032
932101
342851
931864
496169
848048
543285
730403
986679
551843
166248
458074
177770
530799
541432
896206
398947
978551
589452
530255
7747
80443
558433
910750
139658
60144
919580
826076
620949
638891
64226
335969
528841
390514
499257
901265
246050
953369
185311
868457
551710
648104
716162
608534
463964
322902
46467
171460
121419
176943
835350
663960
714276
496276
328449
274233
735149
932884
333109
554034
306494
716322
650651
451137
865462
30563
633555
639134
89862
109718
954291
446710
306240
708868
446029
831608
533575
392491
957133
761784
808312
918320
971478
383851
287579
658700
348881
423734
64012
700594
93383
265443
36090
655284
324981
305075
581615
855485
697534
780343
28586
165274
57239
590793
303056
149343
996443
994484
2886
771062
327401
279680
924358
584159
314001
212320
301872
798122
101051
43840
742044
722081
105057
340418
310099
793017
257572
514095
394638
747297
227032
954597
48840
393689
868186
177663
949574
473314
905840
315403
532653
18471
106564
425285
586470
501245
927887
50342
975681
836359
455911
639782
167351
941291
677736
997259
547776
174508
934921
63083
631803
380184
392048
671627
935567
494992
231578
326804
153559
405360
898345
18238
162715
113228
95843
167179
711793
614702
742792
608291
970554
339560
466893
451473
649650
274669
689685
839871
736761
223280
860305
848889
357282
384638
354073
584580
973463
861461
735279
728056
167691
227774
284546
615200
44530
709202
87766
416790
447758
208183
624560
196320
22887
420977
558228
37590
923750
258581
438853
977694
683838
130460
826089
736176
429493
392118
523940
390826
129365
515734
693882
879867
947668
358938
401444
558403
941870
203498
373066
197138
921404
559935
624579
948559
927079
556852
108970
195925
750490
179068
217939
829359
682247
369902
312909
496001
451567
737966
978893
518473
530882
868906
916631
719689
727643
691891
980333
334572
536924
22763
430360
453168
752188
831509
851766
777356
92794
92649
617473
516765
457363
239678
947268
350860
39775
450101
608521
182843
726204
526343
76152
635294
796476
780844
926155
905784
627734
507854
664850
965611
171066
868650
427834
763935
476568
3356
707402
909353
83085
477412
632088
235556
455583
433618
457716
465968
689890
755154
387026
875870
548157
390432
374228
387858
920793
477505
887800
305678
404839
223957
975469
137292
317040
552203
796718
177866
32580
117069
150097
633097
245094
262459
225309
237096
215351
972487
90441
921137
700650
178013
600261
414146
19599
96141
9712
741088
344949
547968
730788
877030
235532
271413
905653
956330
300795
342925
838760
171877
341178
972000
842111
480482
655125
346701
863634
285002
810060
678833
687664
379670
200166
287288
792571
866586
573620
359586
900314
881007
137552
391456
460960
829138
753268
770895
334949
483566
161745
462248
812998
808077
392072
721025
510786
878742
415297
838309
709883
661712
881690
120290
455750
866375
273841
323341
690739
217850
205597
471075
588891
569915
286698
966100
258361
287871
525157
782864
777257
969535
911183
980686
390029
976807
352333
735701
339863
51247
561063
495989
913726
663764
545654
226035
404353
43969
870647
320419
402304
122470
894213
614364
320718
472263
213680
617158
914395
93237
264571
392100
835016
162647
484606
451901
918567
541283
808994
74054
279388
833384
394315
861122
705165
211103
383336
533828
917348
802986
14692
762101
111534
800940
582334
658920
539739
562447
805190
429504
90826
766865
112793
922686
988586
430755
240217
913445
726509
642575
404909
217755
15006
959219
871854
746996
624237
459672
337064
30366
47825
609423
729323
695766
568784
337017
903041
425454
507072
466299
704227
289066
844362
834637
953011
950179
128543
66326
77314
587410
456285
461674
756624
671444
115354
78239
11938
418917
516659
121026
100289
29735
352395
832393
526016
269372
77510
710003
650521
498464
152989
921511
193498
505515
84062
133726
459860
888756
904660
257006
545363
577267
953220
67905
617496
53431
394327
835401
393203
20406
999199
673729
521196
126662
523520
126026
309303
97777
163680
450224
218602
141539
310657
542238
671027
588430
72343
289792
218297
412538
299309
647291
572974
42607
892173
761437
322823
