751992
442279
799620
196896
866792
913709
98948
663100
205552
198610
852896
977976
548258
221701
37983
131734
55481
502930
427049
981492
276797
46604
352627
182935
124530
483449
666358
237210
933036
581000
745715
150215
660441
776814
563168
448661
996030
976119
985909
329580
347217
213368
16649
725679
917099
409083
195073
458076
588302
372647
706323
550397
500379
652909
842884
916881
276088
164572
862772
936683
314988
554493
18083
217230
464588
618052
641499
295095
452
453231
237389
841210
776008
899243
881367
46650
261964
457953
11743
743015
773345
307093
72842
576116
868768
567428
982881
732903
366000
755412
6448
864117
917862
944261
120116
936000
620259
416177
313
828594
563398
974210
185751
837541
490816
437008
79152
927580
449009
618601
886121
761435
12381
917792
586188
76842
772986
218303
673058
277292
130150
194756
233664
193742
522521
482512
160884
362227
384282
265945
536051
249038
8885
189900
536963
453324
280763
347453
329868
480547
344208
551653
654962
557165
600801
293514
36216
803293
851100
271738
926611
73255
903147
912049
59155
847269
696673
16866
489515
939533
721981
540116
827476
727056
592034
866996
532507
971917
756696
462294
367150
409315
564581
100928
627992
957569
575100
194964
87371
546192
484986
859078
671849
283114
492802
58646
560570
881253
840425
596723
235698
747673
900617
6570
478131
368936
785628
238726
49637
242451
133579
665448
186726
234463
809020
128500
477005
101573
154216
714512
662228
897312
15652
856789
918776
919124
83374
83303
15102
911192
607813
566199
945846
42078
880026
58355
272424
727470
229611
93820
936220
897504
60031
367928
728808
796137
175969
597220
313514
462907
736918
326732
860546
278789
158341
849096
808640
984682
722819
652654
210564
683604
630083
663920
426148
306956
241221
464397
330074
6938
639759
603488
617418
927022
309729
123598
364284
478627
431226
863441
436165
257257
48534
885495
895561
795985
25190
624998
175687
397662
764807
249436
468144
351313
688935
240382
570292
933214
504681
85155
740696
592022
268250
405175
84973
15757
779477
52545
851974
268070
225583
624713
896190
455643
732761
382357
602786
544124
866182
394946
362407
473637
265263
967197
969096
785731
599010
519153
838583
965454
542099
145947
567242
529868
989933
905840
47323
570454
497143
368317
99695
939479
484591
522180
177131
626222
796281
836511
114047
886479
973135
615903
139461
302218
148152
723747
904119
110839
688363
901655
832715
621779
748332
549203
292583
188074
866490
434498
906813
695546
973249
268273
914895
224885
563168
471938
211104
493286
720976
390527
956029
223337
783499
351067
397609
535288
585297
708102
741672
348173
469650
908283
966452
142177
862294
781390
301449
273327
299284
466293
601245
969599
451436
372307
448080
36825
535327
206596
583327
695209
169449
389665
869558
547509
665686
793478
203837
549860
145442
801666
318973
172503
724325
533609
231960
483714
659061
192379
250000
284963
289628
325335
161529
800279
539584
80174
255321
80432
915254
434809
851195
259583
765641
888969
497897
786615
793203
583268
36448
96820
268352
714397
718433
889511
407044
830415
580546
10799
68921
461980
322765
625680
65707
366562
22670
839053
776804
921693
498058
594869
402491
692504
792122
425302
431752
32926
869774
117419
885325
918829
569884
805797
952650
576727
411274
931682
555565
389313
362046
365770
315625
957402
525214
702668
520444
154877
717338
529916
618078
825558
243471
631364
95486
478581
728913
33830
837264
270431
825413
733447
