403587
83838
823615
581721
109998
682301
841734
805083
278123
93847
282391
383694
761778
867497
243729
545212
800183
943119
383658
839928
241933
876079
634881
264395
557428
540341
767504
432609
212810
584646
624943
511450
308639
422781
780884
209113
960878
53053
167193
140089
263677
807662
830231
645996
345521
114251
208604
554840
94716
188706
110949
790112
160026
996044
654637
312253
407813
926209
837049
531369
729172
36235
226662
488848
52057
141761
622463
237191
640173
492984
400742
598132
196284
968091
749295
361766
593118
121293
707873
251936
784352
933208
656584
32424
314171
584895
616200
479400
120538
529866
616983
49731
670080
381844
375095
674094
865047
578535
570201
992862
890002
448453
545535
537575
151406
537356
711416
384253
139773
784715
280188
533011
580417
557237
910971
433296
345058
277639
460741
589579
642392
84466
925566
6900
864754
276950
838080
697372
935657
582385
390382
202303
448216
435784
804140
422342
675218
887836
720079
187773
350656
498045
384939
24582
352066
316264
922882
644089
456533
205760
40078
488207
118375
994482
429130
962725
289949
422723
773790
625141
57243
660187
54978
741061
206393
224378
534997
682777
946786
139527
537220
803745
84122
789329
391734
383217
855591
524473
126604
637441
281724
928481
321716
11216
426575
131922
889393
939205
536677
261207
667879
345396
947817
780993
969902
58561
737796
803062
993224
42404
787314
664978
1224
459096
704602
509866
900394
719423
930983
785501
80467
121908
360030
610133
545085
105182
763473
77902
246308
655237
878441
278065
731019
20626
722018
912882
288480
869829
306558
796424
892984
125856
553205
465400
568831
990795
530391
130373
243725
996628
795514
566831
197975
871681
76694
999389
588257
357965
650449
772260
795225
556370
978279
542092
682587
386754
959973
995812
273447
669629
580346
738367
606217
14186
876202
455252
822229
851748
531118
440816
320811
109505
360060
154560
360814
897595
731737
469591
63351
940157
916733
349518
88601
713290
493333
815303
883750
934776
150786
535751
855148
402803
453745
203164
960432
525852
768825
321509
867072
374334
904611
616663
576075
715385
86939
99815
153968
14718
404980
82950
659408
179025
807043
938417
821015
959825
133208
455290
227195
12391
66408
486811
238252
957030
982623
201231
154336
371097
58402
735894
991681
736297
866432
874303
308860
41009
426001
342049
871706
769740
579934
493844
510474
432269
769670
721770
623733
455176
578867
925145
190753
956325
510132
532149
964200
478278
58704
691387
495060
772486
741904
104800
698663
999270
985324
159392
202791
627886
755226
564480
664172
801921
600770
616472
440639
75775
146755
811902
694581
967168
595816
540156
425673
404133
995481
912385
836638
657201
639644
617346
475207
292341
76846
227676
775718
590170
546315
535364
593148
311972
381074
596925
528862
82353
258647
428124
641791
383677
397017
608409
448367
542724
304320
822073
953293
229219
429213
763775
191599
208201
89801
134696
263985
89345
222516
419104
479367
633217
570744
827356
991017
67960
80347
976759
331690
883292
285147
647804
894816
374426
220656
230993
484101
417867
606917
571644
636850
877317
95220
114907
401170
689947
298500
954604
723683
974534
506268
613328
683858
872825
345439
669821
345456
458399
701802
705277
820942
921774
456543
31953
557027
734152
290723
545632
980280
833444
957955
141217
76699
400690
124048
541658
388400
407557
724018
767002
173216
933447
795627
413992
32004
854614
53309
772538
80944
169407
346270
643681
485828
566822
679183
471547
130032
76546
257163
895308
443963
682856
697928
314621
262170
634303
892804
887660
301696
767244
807535
299018
936522
262694
939978
126318
717697
734302
468608
71812
872839
447735
421533
30468
555916
628448
537711
891282
704826
317034
97814
646584
998909
769547
137344
942606
794821
736201
281185
939533
718967
675617
349825
934375
230522
357660
873554
178997
640847
381711
753596
100082
161109
735412
53208
45952
252662
506209
416900
654130
802328
383462
409096
144240
953509
747974
871882
704058
275838
536864
968905
56634
529746
502440
109908
79027
393439
559125
380509
121020
823499
75652
319870
685201
328100
687232
629882
349667
774324
142094
678820
582501
239142
485580
858136
926245
278276
489338
254578
548788
264839
400772
441231
570070
754569
866068
551431
495284
304677
132527
188300
378720
87383
419932
272613
16136
392051
422841
889257
331921
14474
369952
673117
818258
351768
350539
908100
865293
585140
56808
99315
858587
884316
489443
183918
358716
153322
685816
663029
863658
848548
269148
648640
809755
474139
516732
882491
408847
587152
13664
990549
819733
828895
735740
543140
262339
727522
980176
149460
533683
423785
364490
59832
771340
32471
907180
586266
750006
252353
464518
444901
350202
347578
330934
487766
313801
556463
731611
677475
475568
496358
870913
164893
311408
813568
121828
717162
482745
738416
670828
89452
457761
931807
705398
240032
593938
797214
211291
367056
782734
605053
801025
580369
920076
224653
43232
625786
203194
343942
234381
673317
475775
181737
886947
537009
925002
1551
212623
232453
128120
729750
850923
399486
299191
616399
518677
924323
44727
330536
990028
338127
498621
26687
762375
218157
656593
486739
820179
768829
852273
264810
687108
483442
107561
867580
218729
636361
875421
552455
986238
262963
217212
419159
70097
731739
592808
267867
99814
205742
103257
72049
212479
209325
299392
470224
374914
865646
715506
548443
333986
848274
995665
557383
152476
271004
480694
510036
639108
449587
702422
323789
380986
516832
155911
839375
176603
327199
744290
893681
513107
549129
949069
321907
461198
731079
851119
505882
12094
874352
469768
877158
957897
343799
749787
255920
704794
24846
11580
401021
863706
532925
138236
582925
580427
282021
671
268933
831232
896403
362409
154326
447119
733573
729787
236880
269782
730375
906074
404692
382709
295381
215528
385538
8525
971988
764793
215667
76350
677629
981411
436143
964145
110395
59589
526922
917729
230785
375527
966110
98523
625109
406612
42223
161402
988900
455248
657329
676677
669338
264356
270282
897316
994111
883619
645563
380373
184763
803215
695323
894916
918376
16216
491403
793857
268996
116362
757975
435584
131242
746471
409299
967009
526675
780171
988439
79693
770956
461931
801814
809943
504720
616020
774661
264586
356838
645252
997929
90726
144387
227061
386186
586597
550666
341105
315417
426253
621149
555636
455214
620945
169795
867934
44108
317223
993368
553663
545447
918880
693919
262423
422117
762246
32993
596971
979240
317859
664162
301229
927530
513228
841780
948622
961727
906831
508255
252906
937908
679464
175147
129875
206133
573311
588159
475628
796412
448253
472376
745027
201705
279447
878898
372691
159392
533806
721344
688382
833843
71608
500832
83857
630774
114339
283905
474710
814344
877244
268346
33491
371715
134937
43367
163506
460377
606834
153221
744001
684611
459566
118259
729945
883270
956689
200569
931893
508729
784066
765288
737365
575961
674610
54328
316360
589476
470967
