996100
513301
783843
435276
849252
87928
982184
245414
317733
495421
302833
362531
733446
263826
124586
609187
903290
83507
686343
638380
570278
185771
904642
436849
516457
156679
206014
959080
246568
600453
351970
202027
85632
292513
38248
102731
117574
230565
926473
183499
157198
582749
293465
230726
522382
857064
798089
778658
691211
18008
690660
428457
159230
617149
929871
787928
352388
356666
28899
464880
450086
645051
164337
777270
655725
137531
528098
692853
98552
374408
331492
341211
918448
80872
437340
739906
63048
262056
618770
661881
430817
435776
372796
596202
163298
83234
516155
377521
697465
653209
761320
225358
180357
144204
348741
28723
168615
721050
121661
498649
6366
717933
440041
425353
19110
221227
305385
785712
741254
699449
125474
584089
206578
769941
430517
594482
805888
7118
454111
752493
248558
572818
737690
198878
219095
441994
292455
244646
716161
256125
871088
229564
686557
409504
898285
250155
126604
480029
245835
578195
741359
440139
792886
666617
693154
911630
208583
570502
449918
337852
850328
49642
737033
494819
853008
605410
43103
886257
351842
862075
411934
854737
911113
409557
176180
652250
61781
298194
288656
491376
587812
978102
214130
282997
169138
320012
892248
332588
464011
499146
167031
204241
57109
984137
65841
675991
665593
49312
626022
535694
386781
697674
871018
960926
600570
384658
532267
601215
947141
645263
734689
544365
4409
396583
370060
803
205259
759059
272028
153272
504017
463208
778969
83316
155249
998272
62410
803599
85193
445917
628920
298592
838817
626359
518244
896257
832456
792294
335795
942071
199586
434973
311360
108977
998011
628602
905924
977184
72694
613445
753366
674622
399890
746734
74353
39207
434065
52333
661499
744065
868704
530185
164488
502898
612248
188956
539622
368862
994289
714096
760478
966118
520660
495309
514966
797969
841593
805267
393797
774768
654165
189841
98647
818305
721539
38242
571640
439709
350463
687301
777839
338524
256749
317663
98083
527401
128445
721640
699213
761308
23033
364466
131558
585827
186326
245416
453976
913032
827280
279854
558809
190330
819119
755635
480896
586147
792467
854569
346472
298749
522266
359140
534768
23524
936387
73009
737371
419772
516613
969891
725198
308029
184324
722134
864418
846684
284219
596337
593962
56467
896881
521770
297365
982169
705499
992562
158970
20520
20926
148576
923708
615033
200571
192936
812120
387609
70672
490321
762312
20214
496267
668744
79886
533110
983230
474968
337706
120575
41291
660480
580640
142124
987168
981189
324592
121460
45617
508996
814578
961933
714503
655997
752351
373612
739371
342124
965125
108543
172838
270032
395763
960970
988672
15061
780422
59119
169839
278279
368262
128466
648606
47543
882310
545841
460645
554135
6765
234354
572340
448150
402853
974064
933871
870646
819146
914116
507207
286054
529060
270926
158341
796110
814415
837926
864483
772587
269926
787290
542887
733878
398572
459627
509521
821168
362411
247667
992065
536750
193455
197537
987875
228916
627762
29008
348482
684752
734090
72902
462580
806653
20910
619942
538024
839827
985326
702592
975849
676523
561845
819257
774185
941623
878517
327655
726030
116042
819474
891589
836418
957989
864145
702552
383380
419621
634566
285968
205432
398164
473101
173389
541896
829428
726785
121504
974141
956328
928326
170675
139728
989398
582724
824137
883108
31225
878155
637539
600991
526737
420184
59016
812182
68007
256083
566069
35666
40936
142114
815144
226249
170688
148101
716295
81672
980560
549335
606528
940500
611270
699993
406514
701654
393450
899197
147178
990885
822044
413288
438021
823006
897999
988850
348794
258546
797483
769601
638421
766228
705187
273695
230075
653868
398787
878759
510550
386277
526838
433434
55103
115966
704265
174005
279621
273222
923303
421393
771234
650930
537135
817075
943999
815193
145763
893475
707964
707887
113624
391660
791594
936356
147815
568208
228196
116526
127904
247148
985637
626426
994689
333361
1801
585590
414887
987570
693585
679525
272163
564564
686315
273996
89793
638917
314726
137110
368640
640237
532049
532225
606109
341371
505470
930593
39756
912410
817319
308341
241169
780067
426086
772211
172044
684232
173364
516093
667489
395220
309075
191297
841794
53631
966
277368
461347
367396
446562
458076
916100
472080
571602
823430
266218
344741
126039
683763
710458
245971
191340
5308
794717
88266
831910
597400
789309
896457
692045
971964
659575
251697
920707
152533
388531
482443
387727
958355
540448
606491
743508
398124
413645
490192
52758
136408
125393
946391
684855
918343
670308
298609
847388
564993
55385
33347
367683
607252
138651
539425
992826
909936
453498
383696
524517
225792
450063
960464
492404
869847
720110
890330
198790
125873
41189
557616
567068
651038
605490
635501
908958
758909
43722
989029
463167
205627
314533
403560
697074
445110
298410
400227
787780
943563
446198
572195
705789
329480
627250
847164
455433
438670
363746
173735
565244
935032
545902
614744
360321
604588
61957
490229
236549
501429
727629
781944
793768
509906
700735
357777
609508
444508
814328
639103
781326
323171
717265
997648
272990
748333
276719
240852
545059
715491
510451
442806
688738
207296
212274
554432
687159
550383
149718
895855
60130
426129
127109
891907
106160
189695
953588
674869
13788
475061
541373
597421
988108
19421
70059
703272
64070
528355
317491
184697
791597
812026
486289
852777
115389
576410
196147
916505
638681
479454
974463
188397
530890
209697
431443
408212
966653
260427
603912
363745
38860
933864
905418
443393
172277
799739
876639
632181
35860
341478
966881
182693
363016
469802
754819
541929
787836
219103
482462
956891
591325
879431
437149
1958
887057
270074
578313
44618
973547
291420
596551
671312
723506
697169
696001
136808
411
112355
245751
497624
599831
301169
294432
284826
793603
242228
636627
676278
941288
828690
799973
239633
980760
397425
326925
208038
639502
377070
239902
143131
657237
176875
949062
155083
739207
995586
574922
83521
723312
148220
142634
486072
648462
210748
593633
27943
882207
860602
836801
273636
12053
566679
640537
919036
662156
755243
632579
133310
603076
941660
43618
474024
390302
149520
931211
627932
471545
856948
219938
682451
155024
350377
89900
457462
762673
275655
337203
910497
417054
836213
267454
56355
109786
125719
170191
951759
154559
227406
661479
818592
502598
832457
818480
670871
389120
775201
505674
591585
456797
524846
824266
308304
929088
827591
846925
575107
96522
210374
370015
305472
762480
905526
280221
741441
328722
456490
838130
658518
163643
55303
771840
119272
298387
402412
410143
280860
873195
776382
521881
981380
61666
775510
91265
276817
77868
981644
172538
253921
418943
107925
678275
291807
653353
760734
854458
435150
260610
768728
336364
541338
790833
518579
433174
529619
555894
518603
985625
212109
267537
944020
276433
561385
521338
430435
100263
453769
386331
671703
654193
869480
945312
273527
276090
914453
965542
730419
467264
793793
305700
460802
727056
