552592
215252
888270
501870
362981
490857
765418
769679
649667
687121
242482
748100
581045
1510
754507
333986
323805
945693
295004
648687
971125
596835
323707
763088
453777
890508
210332
107579
699976
498757
263776
921493
264976
603711
554558
224683
718455
798093
596687
692839
436656
719738
318648
446692
628941
239441
318749
344286
372415
988788
599634
49686
828608
69566
247265
867644
885198
614361
547894
580140
510345
864446
666963
860073
648461
268397
113544
699403
34763
464698
849428
615610
509922
850720
640548
775465
394052
205387
820876
102711
155490
693237
130091
693413
970868
374193
385702
922183
129616
493501
541964
825510
664632
938171
524928
765031
641826
502408
12186
761103
