476897
298850
228146
842304
992941
447763
221443
8678
787501
861652
297977
514005
196036
4762
578480
368711
491411
290945
407356
147683
145291
709308
884876
623525
634649
181526
306002
803365
801724
38039
645058
928533
360943
847394
436079
598887
712288
795211
317911
447713
571719
6762
742540
410421
609048
404367
32984
85310
225002
364114
833957
311312
322673
82680
503896
668540
89117
90309
783694
3789
640064
978249
624564
826859
787134
709452
957023
194850
124149
990942
282747
818478
929307
100005
972083
200453
208073
885709
636961
382751
220164
98319
67920
216610
75059
775495
146819
382380
458049
406005
500262
43530
50272
694218
761540
729583
725143
444187
523541
735141
