927199
741424
342829
42250
440939
424805
495812
775320
789296
110897
441303
563061
357497
429614
550343
181716
17077
820752
501133
515685
567787
987804
152037
124029
74140
670566
476798
989825
90315
972138
694582
529331
820012
794902
881216
713985
6846
887141
381266
350991
888499
343066
13993
874656
4988
441689
315134
203592
395759
875394
199709
502970
491987
632652
250675
365899
637047
25554
170208
220938
591520
691593
591999
556313
814593
470203
16188
653321
346150
463719
764593
486261
15221
392647
53653
813244
365399
252896
32607
729921
924646
910429
719161
592809
980652
951588
482347
25432
418365
133115
523204
765720
28228
791259
870100
929888
987803
443235
484517
375829
