159354
488026
53665
126475
501012
987845
941683
210262
358464
70725
172942
847485
353537
584415
467231
200842
628675
339559
654449
875068
737854
162494
838802
778601
910847
955963
72459
683480
595684
355953
588293
520283
630199
32941
348662
275740
793619
700196
15858
320813
688233
851035
670503
965768
972886
405377
511756
454377
303362
822375
14210
438638
546411
378378
968409
414100
190734
50023
35738
185014
282810
251300
475976
746182
734737
863078
658370
56799
119866
809089
646951
152328
589594
851754
110081
581324
672885
803738
926697
874146
97925
733075
632003
836755
750256
180986
264766
501505
602019
109054
740388
243480
728302
75827
287952
563546
580010
833850
961458
527447
980432
448739
555187
421165
459510
691148
670785
548365
367816
227023
476722
266361
981644
585761
53548
989245
526736
474320
6902
633804
884735
692293
964007
372988
957885
247963
199400
778386
822821
761022
269931
245208
34839
420582
957840
719839
381396
979147
968469
567490
630024
800074
790055
180750
212172
499904
959522
882130
70326
568382
816991
271959
159394
502183
484675
936304
767191
1857
850771
607917
830038
56187
1028
891215
671271
561356
590964
860614
851476
630418
99474
30575
718331
786175
787309
696062
949952
373793
851497
946223
30887
545892
725384
951747
491920
675508
193469
258293
77105
694234
167136
213657
478527
873365
301169
282677
970713
506638
104667
528773
617216
494233
997872
652463
213748
767825
215286
135938
382613
661972
115836
953681
105666
339338
35053
78160
218519
150185
427858
248034
544272
331271
745380
146277
631984
63467
322214
848226
769224
442599
461659
986850
405590
486394
476445
704176
484728
806405
470994
603936
767164
719416
206768
321787
266259
555613
578189
826141
401268
553003
525723
159834
131025
796250
290977
442959
590904
195376
709291
750824
40561
142208
301828
236531
577915
37951
247683
995934
278208
395499
345632
633914
574675
305200
133388
194218
583831
195983
253692
591863
599143
570524
970751
862912
634497
963721
474624
192012
996929
569890
225926
436556
969410
656157
384102
231527
971011
564489
221005
646685
844210
356102
762289
104055
145240
578912
806362
77516
96798
271643
30831
735348
288248
470423
313942
731490
989633
847949
541942
675993
599347
633780
442739
646002
826464
251228
772329
400114
220443
659701
558003
862949
482218
80979
322610
81278
371442
812041
466545
144058
17250
944602
122802
651646
449507
994998
353004
599056
901888
230378
195045
19081
290976
349718
563442
110458
497129
373886
764948
959131
751593
383526
596412
59678
584122
609921
847187
114266
855091
555125
973312
164228
202363
341653
292934
762829
509041
886612
791859
814526
179831
839862
264183
5461
820681
632817
17910
81269
886072
46322
87181
797169
808286
830083
606095
693919
913938
128147
761898
567883
647962
1377
322793
660583
112523
856686
664309
801562
261009
414813
380025
807078
582436
456421
243734
216962
71784
669034
970557
470005
864377
695206
197513
741706
112274
642161
821267
181498
50584
369603
996488
110223
947319
361554
951823
506226
552961
15068
662033
15481
254144
942882
939629
826892
144273
86272
433287
8196
535618
707688
188260
969729
685068
338898
486188
987926
967775
916511
786217
193008
585947
776901
618093
833543
930923
435316
271803
374673
383591
974374
125408
181655
679241
496049
835280
83559
681888
541879
128062
726966
943457
328356
268122
750130
904230
873876
476996
318987
255835
92686
606785
884823
337991
640169
606497
268309
917335
156826
432766
707924
