814291
613719
339117
143267
621206
111959
132020
331775
550922
49652
407646
432136
427518
883420
28415
949326
941991
335938
356358
417268
659734
928007
604095
160580
103855
27405
917370
71187
286833
294210
112734
583471
301743
39103
586142
415443
939887
873421
925971
453371
758545
518351
958637
201140
585643
131471
501599
812721
895700
240738
712799
244420
919133
194079
851194
829566
252539
759321
177232
893915
899762
752520
89366
116714
754968
35416
531951
175527
592205
239863
163128
58997
998857
470550
413860
790102
597356
145313
930579
670102
966380
809251
426269
814100
905789
813120
935938
94442
361341
883511
442085
227293
162475
429711
812827
397744
423773
770822
793555
190793
578048
617603
828062
712237
254723
860300
86417
953320
688026
685307
806731
455743
129239
713982
760104
188157
218307
273782
662763
743442
664033
398936
415189
827556
832219
673668
408292
814679
111727
742354
271734
844563
253614
274305
124181
488861
622446
245853
90764
117845
735385
115687
611227
11351
344228
482200
525166
96974
187249
86271
637721
485638
649469
613666
349506
426458
783927
869649
821325
745123
171164
550224
276386
282421
325653
33335
115449
107493
781277
762239
286774
629881
792554
263482
505672
533409
775475
877253
173946
552397
387606
757059
228103
166560
898883
34426
585612
495612
565327
260026
229527
880185
493250
247083
246557
519805
280359
964278
772608
35629
4181
585217
587185
879491
369904
42037
492460
505289
542674
836215
137207
996419
271311
297144
871464
422036
631309
321917
804348
92506
803760
399526
16275
570141
715372
965987
879894
548221
136183
254875
683676
756228
784112
775881
257656
266359
550027
246890
7582
76908
856665
667602
181442
540863
586531
189108
696786
696493
734897
274631
216968
121956
464477
171189
825293
377000
497595
234305
930783
254827
1798
486641
20977
972661
779538
357649
839186
636380
713546
634766
909148
114149
168454
472426
45873
409311
398500
702719
680044
328978
283840
359942
507027
86750
34662
474825
29305
130231
868441
10844
417910
451646
476490
128885
209430
381746
597481
106884
248647
522288
209038
767417
972359
807322
405930
121306
729761
618532
378647
113819
37914
300150
948702
681212
783746
438720
558934
476183
57030
707892
713725
890408
945002
681146
300197
917915
925363
940630
451301
835415
612696
299609
670798
64574
780202
800897
2022
306926
763263
121154
769244
49275
44885
602478
670359
566153
583636
863500
156057
565624
875249
691405
853223
624068
23491
686946
512471
417650
870595
812748
841496
497687
909277
183675
651197
66264
9593
252770
47554
189555
906100
187844
542356
439205
125506
974918
560337
109707
105603
165727
276151
248008
477211
412250
260399
177381
915864
957397
639093
983921
581056
141141
888751
826806
676014
215937
937909
978222
261232
303815
939038
673398
237267
102720
308322
224763
592038
446293
879769
745696
827790
421427
476100
445577
526133
316806
425454
696814
962431
230277
572609
539667
306655
574861
653001
647219
81704
943352
778213
500662
692416
772945
373662
91025
117055
246281
826026
710216
361251
428162
763233
402465
987413
989821
46455
547062
857015
723086
602444
458606
95278
366880
480522
124324
333183
622704
956737
827287
583180
716570
714168
273669
193565
373976
394728
259123
577120
862067
855197
633557
909119
616376
58236
57816
849841
199835
453052
906776
874053
303150
14215
762852
169151
224196
666896
661619
745991
723062
897833
389989
871289
607189
806368
642935
441702
9504
598770
349824
138353
840326
92008
844428
389650
405125
354057
433439
840660
822041
815106
237937
65883
105397
348905
402516
998001
451996
239128
649537
894674
215087
163114
300524
587232
499318
505558
227100
423647
846074
430630
22363
19815
592932
817207
219073
621635
591195
681736
718102
577978
733775
605529
752480
45910
265531
66266
818665
282475
732518
172623
142713
522046
988971
179448
819544
106027
207698
394352
583464
836165
614359
380716
481309
182959
982290
331027
182600
91019
109181
921940
615875
582729
443701
906229
269089
747462
627918
217558
15637
243079
982036
995644
990493
816118
551
547070
88778
164329
844138
132286
193797
66820
616643
344208
313621
396414
304502
989650
542276
747185
575436
254455
719095
111198
328056
367122
178728
551538
277602
890253
754926
551762
402553
575554
330403
15363
502017
236432
763801
703367
321504
159987
733509
829809
440814
697459
696784
99068
845023
546939
335620
555876
344471
982072
132361
480561
59826
238630
711887
50892
723734
758814
250001
487689
235860
6747
559309
899993
136952
622805
471679
297251
810033
717684
920423
604470
974147
647338
459769
802210
118061
505227
989550
142021
892577
840584
310286
72145
416121
700395
618824
894689
252634
778791
324848
20929
34724
970467
374978
984507
714479
247375
167763
944393
553189
104313
387412
173279
531105
779260
367068
215963
419492
993374
49807
670701
639916
53681
220261
383188
204467
4475
707032
121502
265785
431484
628937
972337
302949
788797
369317
411267
958725
490113
835873
36782
154346
102988
431145
333047
354938
878175
848058
396282
730002
431874
221447
633009
729330
58973
311486
163837
604301
692260
310190
535902
305951
630426
538412
175342
319053
950573
136535
211843
270904
932133
754104
988897
593520
387552
340177
372066
603792
911229
541939
838249
450242
317746
387104
981068
651106
423381
179513
232137
553391
551858
429352
869361
105231
622931
854225
158438
69829
886935
6966
158376
577728
555817
437546
673955
788916
910496
191664
683477
895606
801893
139998
812417
930727
351960
528816
167935
787473
837178
518558
707759
141942
501220
953608
133256
358237
256964
186466
422081
849021
478315
332820
56716
229404
189947
665123
482808
851539
901458
634921
33592
226540
476757
43454
276967
833726
575647
701637
536656
988055
445392
361814
553217
14648
878225
663980
385705
924701
502582
24649
162275
224871
144068
622103
37080
798989
385086
812825
116178
477108
736092
662096
40425
411182
299
985121
588406
252912
885859
133296
169716
324544
146860
165043
15329
780412
100996
20816
282979
794217
338684
12702
33085
6305
960033
149948
360483
153318
385966
12086
740020
401539
934022
365700
418180
7274
611817
800150
158578
331505
597101
153153
902635
987344
193644
993170
300169
874516
772192
993393
415253
998907
190336
983901
22324
577968
321732
603630
815188
351295
89635
873545
133743
30731
582652
757240
246951
725236
331825
197604
465722
416157
419407
173197
464463
472418
17084
105645
185251
20971
42522
562012
56445
806719
916918
645007
773669
715401
339010
723492
332928
665756
174611
554437
164563
244915
408573
869216
563884
174200
952138
718102
604328
264842
297207
424337
337918
688126
947247
311326
457711
110307
492232
743835
513379
825649
461825
946367
429458
806082
35813
718037
972658
654683
67785
539898
69195
747818
682323
658718
90535
388837
187889
655286
41061
12495
849725
818746
487429
55751
491974
537105
697229
159037
382820
365191
518543
796104
571509
804691
586412
661596
984893
897455
605559
208015
