162961
967889
611697
959516
579822
183675
364944
787292
637010
343390
98489
525859
277130
442301
314374
280743
630281
754937
215115
347956
195797
231547
76932
259687
825762
815366
510574
836373
532619
884229
466635
41021
507088
345116
576026
796713
15003
1262
87747
146195
256269
961854
160001
690891
399823
723270
446903
897894
936304
401323
312504
803285
371742
370351
614663
185626
773040
19458
339896
376541
571336
206558
193280
175079
965422
832497
506063
822771
912544
830275
157362
455680
994735
607894
824933
868536
14561
461387
941329
627305
228623
551021
809151
472183
738372
117835
730074
134906
337437
931658
778370
563463
35033
49712
563537
50017
794479
670450
66926
538270
