459971
415258
266164
546685
378833
486357
243722
482531
961232
425082
105737
290966
326436
181909
464822
2037
318248
474235
232596
53321
167983
352334
895830
687711
386757
750209
376222
304888
836471
943765
360112
121305
771055
515376
955909
64332
830541
488133
682575
780203
432360
816900
899753
946488
680038
38703
837467
348005
995065
62293
267111
975090
874481
842235
70634
303680
252448
50399
664095
500284
503708
140817
93546
395802
141204
845655
684593
872981
164260
334592
697310
358099
646872
632123
71492
845434
968600
118453
827269
756805
606399
791871
48775
289024
423388
984549
626731
957127
154173
289325
251923
263239
518461
655159
980397
966696
465289
157323
27688
993180
70576
62773
254055
543420
2801
509583
957629
918642
84256
51417
871261
923848
82504
750894
650508
329894
220397
75949
676794
320520
561048
187775
927635
354182
657824
599311
346433
504641
18911
502916
970462
645315
993701
448793
259762
595982
500802
213626
703372
280288
537584
51645
186050
179044
955633
767540
273902
969460
709431
304387
213036
276268
538128
414737
117359
592612
993615
688939
609848
275922
342017
764889
603196
356501
584890
503650
575681
930297
262025
214936
65812
122539
303309
357562
304859
861380
232123
68759
195474
83741
589820
937675
758371
746892
914607
275103
194391
459341
349205
167672
784584
953862
312130
656982
901659
519659
155581
937522
963407
285297
781824
735063
663691
164327
656433
446474
945336
409575
175986
467439
187034
268853
51588
683930
487031
380241
21207
694453
549454
493744
468629
450224
147816
53681
888475
828618
482060
71538
611499
777795
259761
989968
771020
365897
784843
876504
258013
615736
393387
354097
374741
300450
854919
138640
621578
891127
962908
830478
959520
56661
200014
559750
491223
336056
923328
213090
45721
257047
626250
474916
608989
66575
447261
435630
584995
819850
195573
335104
231356
782343
921293
432757
976265
413843
490337
870882
287175
807503
458835
301606
811024
338585
568406
499327
398062
15332
684532
429830
230625
112513
244405
967735
710834
748929
434923
570139
277342
587978
470712
332500
228883
612196
203319
200143
911395
417417
764590
150299
897396
347576
560094
834761
785563
690070
502497
877223
393435
756426
847394
33946
785779
541183
515457
560927
393780
85107
734645
6216
204343
136318
918089
561162
785392
534281
210131
205161
287539
504944
120394
26636
915557
326514
496869
858041
976013
126044
317172
816704
295093
608213
290492
394518
674263
587586
613009
784675
944554
772006
884927
744210
365010
862171
505195
240304
476995
936520
63704
625402
583036
395768
897082
169533
301302
163114
983416
850614
904382
848925
152353
963533
896549
487420
546486
694612
208415
553324
442495
183350
763086
551603
251676
916493
217945
329073
676770
37648
921958
728043
519018
99109
642031
471555
522404
334978
707239
88146
415689
306357
266618
127611
833335
392957
597657
799260
787219
885200
708986
976786
611831
114401
35728
639634
539343
294270
641273
632243
507559
693057
179711
712630
739773
902987
99596
626920
734210
80051
952903
376792
723679
478268
987355
695803
455164
644936
747734
332111
158228
373787
501923
49135
376298
221912
778681
493243
753142
223542
109886
931710
42508
789303
769765
217572
811867
327593
792868
537702
165236
911751
776340
49446
841702
681913
399342
410382
135829
887367
701462
759501
499394
225522
956541
984806
705927
214107
843901
991374
834608
804968
238260
819400
898137
706190
310792
570702
550913
954090
342930
420621
402261
610112
826034
485633
351909
9147
214335
244143
382499
541066
31832
823623
488988
728507
750314
716759
475111
426537
702733
917136
192737
984390
207093
372424
347321
425320
705617
388347
899505
91566
722711
25580
630375
910891
374926
209766
486247
82377
211166
575581
663562
588236
11376
755658
618369
434585
804556
620762
182224
96700
229019
926908
19457
479755
74001
225819
813784
185220
390875
81946
877525
189717
773633
748849
529618
955564
904297
442028
561130
774586
715264
961011
556721
268698
694931
859132
516072
971844
483727
341923
383962
868851
296926
228924
871189
137194
857046
182983
108986
801590
132575
768098
344710
264110
41264
867891
386231
137884
854233
339598
844568
340396
684363
537265
176890
607601
344692
145081
695048
443578
651130
576246
511688
639743
304251
711589
701232
420009
131819
216069
449211
208433
515834
434264
19746
407790
782234
934081
493268
976750
614458
632496
856010
586915
622661
980720
32150
256899
345810
389244
167796
154480
876721
324941
550508
597558
547454
484776
528744
548803
253355
893076
215070
590304
388009
433903
237631
833980
845650
398052
62332
163627
14750
653776
172639
529606
249166
985889
381490
538813
612263
93067
892148
219789
797817
881258
544845
972271
40662
685860
484554
700530
165604
861394
157685
809429
440508
718773
926560
375624
873767
170946
683671
191796
167225
134328
38886
902933
809489
3848
872621
62046
890776
866743
640437
575659
631927
31073
374249
719697
667899
143233
752545
303185
872729
758043
88309
534951
781006
919151
397078
219519
266168
158784
556886
160142
993198
688550
888
378044
660327
389245
126082
873495
555017
308543
143831
575995
916465
578504
59197
731981
779285
600550
665892
463409
497962
954379
644110
482047
273814
309220
795267
912289
870705
473746
455015
158770
731410
990601
10669
450234
163892
659118
747401
145713
742349
121210
326548
250004
289593
85269
633635
463267
83472
983957
291366
897240
411796
23475
611388
908672
759676
842888
442182
119452
585928
433069
459219
384673
834855
826542
296276
588924
596038
530298
248555
473868
165843
20625
630219
664719
201447
527582
214004
266801
539545
378048
649984
660274
540227
338488
250978
740668
895720
296759
133839
804333
727290
938853
167844
246712
70945
726063
479115
131434
141814
698648
323490
782449
639354
585534
909661
577724
407493
981788
487023
443732
137644
81822
351735
232978
149825
467690
588570
991505
689316
965040
660443
12054
601347
274987
972093
200660
10286
470073
198262
402283
164238
507861
514439
693468
648360
492061
159272
83867
95760
338533
467937
151328
383076
188347
496148
405410
442368
700481
892207
810388
911610
313606
27155
110390
510215
395982
287558
203051
15297
251905
129970
465255
708485
545095
972794
96916
966861
874275
588854
107677
166712
82684
159031
430400
409635
58920
986932
628086
552300
296083
929723
195492
797454
296996
375637
191190
927037
855427
111887
302590
357930
677366
32642
730514
279290
904180
796276
108716
61047
773540
48548
445245
702494
990771
589614
92143
870406
432465
445963
569758
242751
603697
635338
2068
662012
116070
384595
299164
64697
485341
760288
776383
207742
270402
39007
194484
187286
375652
571670
304914
57514
861920
877202
429832
218309
42180
571257
390676
161791
762400
689347
622850
300382
16852
297206
949174
655769
231087
556617
561737
134055
122669
334670
996213
304563
632121
195761
460766
427532
489369
123349
380384
572264
328376
618344
887436
251685
507384
908510
259005
165512
40744
284321
726782
