800104
917883
266913
583364
390145
401614
307960
984115
813350
147787
320017
535698
476922
445906
126054
625505
433016
934019
481339
518973
226025
744266
723844
391100
188460
592059
309777
982091
317761
101216
14658
339928
325106
83620
106198
250810
940505
611495
786427
83801
515668
457519
628031
453486
310487
173247
548438
519563
143
950833
89278
105947
141100
839324
400763
3901
772837
899413
424054
493249
941462
332868
146779
643183
186750
691907
834607
577523
149644
887405
610376
553125
455202
677345
619494
64865
626790
440245
199571
698013
185076
571493
779170
592054
251420
333660
994128
911885
866613
578180
440123
373897
481065
208454
618135
343315
24133
962051
987555
531270
382398
303302
38099
997518
499096
30786
354681
658215
402825
491500
831173
18014
834317
740677
630791
764585
655519
392104
547468
666080
138664
431109
648518
101363
54126
191288
59678
327511
729951
666996
457067
97772
479373
884698
516291
632083
649173
787896
248645
968254
441010
316017
983156
26765
589136
787668
268874
338209
448497
124005
187451
894894
960927
318828
768693
303275
635022
555290
927324
305053
952001
969415
587982
381962
869369
721333
905401
183426
216084
978145
649615
141784
157807
52145
722406
282214
276364
791349
819560
245884
953083
166986
494218
800619
263801
878227
142382
315797
272193
663586
66436
681065
364191
417288
96594
116216
280030
197684
59883
379043
346417
401503
230771
953108
294526
167531
801420
585523
865064
715559
671164
577606
789313
147390
356495
299402
280885
779903
18223
491402
616435
781518
492545
101383
780821
950733
589982
501816
564983
748560
208119
469034
753990
11935
899146
380339
883534
821856
348024
866040
655343
796567
261003
426259
635062
55206
274240
544891
35790
635906
816369
589926
315977
201782
351015
38821
966366
142307
463268
420386
721702
214021
724225
372387
174614
451077
110387
23893
507146
41582
641443
15028
144063
923412
666530
418325
121683
569688
109066
169332
718269
594537
113849
956166
463115
681979
55939
828048
177534
819071
545571
126547
951860
682399
736523
522078
432542
28342
663660
848876
367434
114485
863953
334900
345176
84856
445032
448185
235006
891941
837697
56862
987430
622442
498934
891761
870630
379302
978501
556856
659834
992122
420388
236556
875412
43632
127914
705230
341381
295702
865402
658645
167198
240688
420380
492703
601456
142708
129143
319265
592444
306211
345692
685740
831280
770274
183243
739610
844257
23626
981043
406069
209900
760381
124162
679661
268659
364203
261910
565111
179693
994902
247223
558780
801867
440486
344196
533621
110366
745750
859907
514799
336450
507142
520719
373271
649336
903141
519851
570085
895950
106240
945114
882811
99844
299870
482289
908433
104044
564895
693063
209180
112060
821341
60163
152206
270061
644683
604941
398717
52320
496042
564653
838418
941095
952233
52584
978681
780562
785116
279141
690766
212686
306975
552729
502420
807861
975222
749311
775323
39936
512638
232550
404963
925843
412398
471076
502750
61583
152698
168756
650699
914577
811340
864947
739862
42487
128253
977309
212174
180392
443554
238163
350475
843573
344487
691093
400744
444345
92181
34535
372202
64135
230194
146670
400493
935386
78416
905890
88830
690069
236201
849243
963427
343522
521369
10832
918024
737815
694885
890976
290947
691071
220446
601731
7846
49987
768425
36542
321056
502786
105855
957854
721107
735377
630917
524986
369569
683439
424631
576489
933090
36570
518013
837424
930433
896098
678725
137642
275600
