871228
171795
463111
127382
868571
400095
329522
979179
189029
26747
298959
531361
343158
99444
53983
501979
208049
334353
781372
370587
217515
641765
302465
55663
133793
644530
799543
711195
616107
103631
327123
447598
899348
465941
101339
49191
365840
79326
554425
169326
611500
919451
200891
264327
518589
163217
888404
335617
558909
117922
547220
559683
681957
132057
813003
954880
57772
622419
913451
885424
509675
513821
176114
310925
40119
386825
434071
459256
502124
95519
610387
33882
315688
993918
376650
865604
797534
562476
588223
399608
563520
708938
401051
917445
77452
433466
84118
152604
334200
485835
472843
737588
512078
202767
725041
141842
667775
594458
907471
397904
833109
641673
633003
772392
134194
771186
783620
575763
399717
768762
899733
525485
330179
397703
545772
81954
743751
849805
971044
693019
452184
664912
133584
193963
242727
451551
116468
532517
509656
905781
163455
266885
277653
642789
621611
160353
861559
802847
478032
613132
742085
391047
216395
480853
643076
101945
729846
806379
9830
453047
838968
39035
300175
129266
950371
597433
696037
637077
390961
547915
422646
218802
679962
900288
393330
41801
777629
686264
211422
188355
199461
223739
695022
303678
726022
917746
532924
882339
42112
41395
641273
754570
229408
626146
338813
195787
758991
838285
386927
184909
383514
789802
600952
128686
44259
649143
764060
550308
119395
771944
343990
848972
97285
69168
274584
785294
824881
431954
260838
205350
580013
123679
862576
785563
821455
332424
214437
259432
830428
211774
247217
33479
794279
71588
326503
717054
562531
886991
351555
308854
2749
705403
186039
336110
636361
692510
955994
891495
428494
770080
492689
657184
472969
996710
732182
846380
984130
827936
369029
77307
722548
113190
643162
498400
322864
889282
224697
551744
983983
232611
69857
271528
399622
471490
765722
840828
52167
248226
460148
690499
253368
666064
738187
294043
149671
204139
647947
554051
105135
692316
386813
420258
662633
459679
514371
759143
976941
688278
433264
859779
968742
416226
805187
796096
489860
925083
932407
219214
170170
236119
161387
843539
735914
306938
647450
850990
701011
248998
57316
299237
510710
782261
226282
462740
831509
23565
670870
79348
555405
963260
276481
392294
447775
381379
695873
402945
603561
528565
498827
737428
626646
610205
264788
48248
811295
983558
127808
883132
746429
836444
890450
742358
754364
70678
559396
836708
845012
936941
730050
241978
157859
376444
592993
944176
356593
252260
228115
480586
476648
542840
879264
425123
564728
373192
863708
826790
292468
333544
910589
543394
25407
847
235046
793139
904239
735748
181192
571775
174047
589250
767252
755097
905646
486426
198999
121154
38475
907229
776813
492949
301448
560626
594526
519029
139415
508866
174345
584468
257158
732222
975125
774126
455375
412944
141624
814351
643836
92145
934077
662394
169488
770137
532249
643018
763194
902875
301036
724609
465983
269776
369725
22232
609015
641301
124978
477925
53302
881589
21076
124094
294517
831260
793258
801792
951760
385789
781497
49963
37874
290685
813521
410314
544173
538797
786855
600561
15434
977828
451628
383831
428500
946182
785708
647065
983448
232519
444865
309759
419775
547684
276286
356827
18714
763806
875575
378993
640451
838806
68707
388487
482017
934115
329445
97549
941234
116079
430433
806673
290013
70835
380538
806000
908047
25113
653775
396706
570967
693382
164172
766668
545919
33950
254978
24265
331225
904833
434111
959079
906411
960627
