357216
998627
311301
496675
351976
726695
702075
79288
349706
131277
876058
741007
499412
663692
220824
910313
824458
499973
716834
979495
984836
59211
537623
668569
736357
8119
538620
268033
426269
905996
112938
561042
709818
852946
915780
396819
523902
988516
590693
357571
770649
439891
48524
755895
123838
814389
129734
965382
482345
181533
610199
262609
783365
605399
638569
562363
144159
635847
509811
251424
679347
981437
69182
914466
404301
525820
472500
512695
452094
99761
937164
487313
133048
961221
601099
551564
122020
237739
986366
877325
832421
877536
711322
771033
667046
393812
330836
752113
457309
684296
156201
923012
17965
981654
597351
457363
505696
527241
182789
743780
823509
551023
1994
643043
273171
41411
449887
639755
686941
650049
924393
688495
294037
638463
658535
654307
757869
520121
874442
285295
838215
859139
123828
576052
130905
657329
298617
199702
863572
167451
879688
502115
236008
235271
628271
830060
110117
435773
928653
776255
79121
280
335183
295173
214171
599638
599922
318027
772277
594476
747516
27455
151850
403114
734874
239295
276954
448748
848310
904505
211719
288225
284571
791376
711376
189603
780611
686244
529980
492928
211377
653984
719396
371461
951409
42889
626475
421200
742618
71310
487867
717313
457114
502664
653144
558331
438991
63686
363701
376227
309478
69027
355270
846993
765818
302680
291382
388542
63014
611087
978131
515714
79554
492768
651912
591586
122238
232407
524159
303296
793035
143385
274501
118079
162297
487056
919352
594219
887265
809642
970424
324904
508908
723982
705016
242528
488275
379395
420627
959627
956368
962686
537394
484115
996984
785047
932600
368229
539867
869607
349932
761212
584265
698563
875072
642132
479739
503717
138708
475361
813516
434634
833839
983139
289845
236024
899169
85971
435291
517704
412426
228548
34836
989457
454848
473439
603295
345765
980375
243664
639129
881524
481267
160714
75916
775819
28692
530045
657095
367161
644073
576474
130741
966325
18437
64266
790185
113282
809315
268919
784534
995155
775485
890079
531410
385315
598999
471524
922475
555205
594810
296197
448441
502299
895732
346843
504116
597259
862042
156098
817908
888148
802830
777763
242404
217028
401677
255964
967864
777156
115312
810351
859876
108967
68101
268047
326835
505567
143607
743200
508618
980002
603030
920993
558336
236272
905642
588395
14950
504706
197120
207681
129768
406097
596299
459427
976349
931723
251276
452962
299713
818647
338380
630120
252073
912837
168665
478614
102708
206277
33366
741764
417685
113089
284086
727627
133823
472485
554274
171368
337083
80149
590174
601366
81010
37334
629403
358053
881572
369868
894853
606382
727523
665474
295134
64286
589505
563482
444190
16078
213953
492344
46739
975226
5488
454839
682054
109626
7339
120840
525907
752606
419290
42332
324020
839904
162165
898942
792838
803639
666121
135801
778160
930416
185058
326212
639312
307005
477703
647194
446135
686498
132947
641049
418655
567556
588672
305632
289098
338237
334029
418162
235926
325391
255186
660707
20551
476384
63454
826438
355498
966515
812847
553922
615685
836620
853799
63710
824445
594263
14951
745636
615256
148837
354052
60319
837850
589711
413436
381116
691279
254179
253611
200411
64244
500739
6371
56503
873136
19326
388035
252060
746410
336897
484277
181455
40828
77563
147619
960545
524722
314169
661673
389132
180755
137420
795279
436954
967083
604160
931748
101893
584309
779630
633082
566806
583797
993145
942255
613687
388184
611425
881278
391884
211421
769837
642351
51015
681955
99588
352189
598743
587796
859095
982377
730715
401459
958425
364361
286577
152984
645683
644283
150404
48563
250689
990
714096
450850
718531
85808
536527
709639
964231
101817
778530
714894
281300
346277
902732
960018
234423
400836
631543
964286
848870
296910
126163
297789
408674
614463
423045
917782
267681
362385
850242
416037
607085
303567
310742
438381
133647
713003
702045
600607
658990
645618
65720
86658
817143
191246
664690
164060
507404
416104
358432
95219
280815
352253
471793
836764
264471
527296
903580
937163
580246
332730
257141
433543
68847
370918
152244
57272
928169
39659
103581
341425
740410
330314
993426
635964
402720
221266
515426
692795
840052
906284
747711
276173
791852
163129
929743
570794
489229
459872
226866
355514
798250
188507
479926
166387
485230
501064
97387
728081
180746
835992
70741
914368
528592
932571
365345
381196
191386
760863
9738
759043
758268
579646
462338
590347
32429
465660
855506
174010
85141
663159
747365
661294
892195
170830
787124
642252
689106
939560
433624
133117
460261
673067
598955
549284
390385
293221
112992
635592
967636
609889
8555
75275
161369
35631
333310
151846
115539
6321
223969
24882
219158
445878
46591
788780
601074
917138
462018
495069
708592
32448
78876
674602
391027
467453
529416
74381
99410
123416
298110
912213
845626
490204
561115
149994
485745
370257
836308
510393
103546
258961
628190
612370
326498
502705
742618
372458
140505
186836
517396
312115
799167
422800
175482
928133
237193
953781
653650
35439
822001
141553
201685
666428
162844
633472
517206
528220
447863
176977
534388
958740
681105
421611
369174
136363
636457
739610
182533
635283
828368
486936
344222
92074
296011
254081
854052
387225
395604
196498
853439
249665
432819
726223
980803
654146
13666
546816
721220
494829
181891
683748
449940
816524
236390
581853
673905
635666
675762
411596
573125
96072
776207
375919
108499
887832
990338
46612
129975
203168
759851
659042
91381
683475
196888
677427
856589
794058
793047
215596
454757
388491
438166
26564
513680
653812
831918
384494
745370
569252
601725
128089
513029
170284
535158
297107
415571
560240
214943
469857
377336
919952
733286
238194
844329
950439
707298
382821
240500
756635
676095
669546
239056
933949
768779
251693
905925
157596
324678
126783
755327
925076
31431
874218
889093
219424
437121
682761
574599
124111
342763
861798
824480
685506
594723
892858
127931
466124
115318
425728
58205
205631
367306
97030
626472
481405
181509
491369
326886
271473
5358
689446
2585
597157
330234
122239
803705
123328
149962
736181
907990
353181
179629
681141
367481
51022
735609
275020
223567
667615
171707
894166
456302
99341
859664
989165
351768
375259
780878
794207
899758
496773
16380
376754
495517
438209
729783
106875
755348
79086
112974
410031
31490
347803
733040
3108
627775
913072
64375
881138
107391
112438
634410
983656
706630
14868
574388
573049
694975
229938
877547
758559
928820
540884
30020
295913
848076
25049
423859
783270
924109
996837
186344
877673
586736
472607
245640
244068
549684
562316
208257
798198
544760
12150
376450
153052
937930
50639
288574
941369
500050
816583
714329
635596
586831
534511
927353
349493
378064
136554
123244
245370
636412
640700
588396
52723
55474
664394
197197
189238
168100
801017
660305
303713
960773
534336
860228
870134
657584
196437
665465
360115
368101
930827
438562
383333
790442
225638
33772
63168
185396
907396
995894
11932
934722
